9.510042190551758
9.971170425415039
9.63382339477539
9.548876762390137
9.462667465209961
9.971963882446289
9.630684852600098
9.98680305480957
9.536083221435547
9.38951301574707
9.986811637878418
10.194462776184082
9.977370262145996
9.746359825134277
9.85507869720459
9.907923698425293
9.3702392578125
9.935786247253418
9.55156421661377
9.975479125976562
9.768648147583008
9.963785171508789
9.277155876159668
9.891210556030273
9.370733261108398
10.139348983764648
9.437394142150879
9.996366500854492
9.755030632019043
10.009669303894043
9.396021842956543
9.438253402709961
9.361198425292969
10.027036666870117
10.063761711120605
9.958220481872559
10.083685874938965
9.836278915405273
10.07544231414795
9.26718807220459
9.379237174987793
9.289697647094727
9.341930389404297
9.391158103942871
9.84592056274414
9.299349784851074
9.839841842651367
9.319245338439941
9.677525520324707
9.25137996673584
9.705989837646484
9.164548873901367
9.803336143493652
9.101899147033691
9.932597160339355
9.240473747253418
9.131660461425781
9.210397720336914
9.691625595092773
10.035743713378906
9.058499336242676
9.957524299621582
9.900392532348633
9.980143547058105
9.143135070800781
9.968461036682129
8.978764533996582
9.824949264526367
9.663665771484375
9.09980583190918
9.01373291015625
9.131203651428223
9.796773910522461
9.832502365112305
8.969727516174316
9.101419448852539
8.895177841186523
9.14979362487793
10.16940975189209
8.906368255615234
9.645277976989746
9.751193046569824
9.438325881958008
8.945269584655762
8.902017593383789
8.782942771911621
9.950278282165527
9.987586975097656
10.118067741394043
9.71533203125
9.578131675720215
9.801162719726562
9.842964172363281
9.657316207885742
8.873855590820312
10.047523498535156
8.678977966308594
8.76488208770752
8.814610481262207
8.630632400512695
9.53533935546875
9.919182777404785
8.940759658813477
9.51381778717041
9.516900062561035
9.425803184509277
8.705347061157227
10.087315559387207
9.54370403289795
9.6322603225708
9.528536796569824
9.921602249145508
9.347203254699707
9.850286483764648
9.408700942993164
8.644755363464355
9.534639358520508
8.417009353637695
8.610568046569824
9.870200157165527
10.01762580871582
8.59331226348877
8.580857276916504
8.681175231933594
8.631719589233398
9.7172269821167
8.53765869140625
9.24223518371582
9.569507598876953
8.425985336303711
9.539361953735352
8.382219314575195
9.767683029174805
9.618206024169922
10.082557678222656
9.60773754119873
8.552628517150879
9.785297393798828
9.108440399169922
9.47948932647705
8.477253913879395
9.379061698913574
8.2912015914917
8.509181022644043
10.21722412109375
9.717074394226074
9.569662094116211
9.777544975280762
9.662001609802246
8.273025512695312
8.467768669128418
9.973057746887207
8.654903411865234
8.409199714660645
8.293747901916504
10.075965881347656
8.405487060546875
8.260161399841309
9.517621994018555
8.400983810424805
8.019338607788086
8.539958000183105
8.119906425476074
9.182245254516602
9.842845916748047
9.665361404418945
8.482505798339844
8.525690078735352
8.420403480529785
9.57093620300293
9.300056457519531
9.69059944152832
10.000303268432617
9.484009742736816
8.087288856506348
9.407365798950195
8.408016204833984
9.34960651397705
9.817663192749023
9.707747459411621
9.192497253417969
8.31893539428711
9.70350170135498
8.345392227172852
9.900312423706055
8.3431396484375
9.373180389404297
9.37003231048584
8.387419700622559
8.160765647888184
9.557769775390625
9.602052688598633
8.069815635681152
9.367720603942871
8.303854942321777
8.428633689880371
9.130640983581543
8.081324577331543
8.373648643493652
8.126226425170898
9.339112281799316
8.143494606018066
8.059112548828125
9.443638801574707
9.5621337890625
9.16594123840332
9.201358795166016
9.639165878295898
8.17589282989502
9.449453353881836
9.505302429199219
7.853283882141113
9.389728546142578
8.31003189086914
8.361522674560547
8.174434661865234
9.418107032775879
8.044665336608887
9.641841888427734
8.14621353149414
7.822120189666748
8.14358901977539
7.967903137207031
8.091352462768555
7.941987991333008
9.229498863220215
9.017428398132324
9.118435859680176
8.018022537231445
9.237780570983887
9.847113609313965
9.871795654296875
7.898964881896973
8.886659622192383
9.651904106140137
8.120281219482422
9.196921348571777
9.67026138305664
9.305614471435547
8.006442070007324
9.558645248413086
7.913456439971924
9.849172592163086
8.039932250976562
9.373353958129883
8.37830638885498
9.358003616333008
9.575567245483398
9.274262428283691
8.029056549072266
9.368385314941406
9.185094833374023
9.219033241271973
9.639551162719727
9.00137710571289
8.926127433776855
8.061982154846191
9.132498741149902
9.691923141479492
8.126465797424316
9.378504753112793
8.008790016174316
7.96827507019043
9.498790740966797
9.16362190246582
8.225240707397461
9.413169860839844
8.086570739746094
7.864459037780762
9.046727180480957
8.024178504943848
9.028233528137207
9.122340202331543
7.746954441070557
7.992528915405273
9.319952964782715
9.106600761413574
8.019461631774902
7.8944597244262695
8.160811424255371
9.359745979309082
7.8142313957214355
8.213724136352539
8.945566177368164
8.098402976989746
9.199792861938477
7.814823627471924
7.957586765289307
7.922392845153809
8.87607192993164
7.877884864807129
9.613041877746582
8.110276222229004
9.24311351776123
7.819484710693359
9.097450256347656
7.935356140136719
9.759121894836426
7.924645900726318
7.957395553588867
7.895293712615967
7.993264198303223
9.14570426940918
8.102621078491211
9.531624794006348
9.198230743408203
7.878597259521484
8.988511085510254
7.908296585083008
8.039605140686035
8.049220085144043
7.936124324798584
7.841500759124756
7.977278232574463
7.952826499938965
7.672366142272949
7.99550724029541
8.216713905334473
7.9091010093688965
9.30253791809082
7.677233695983887
9.10891056060791
7.96513557434082
7.759041786193848
9.454002380371094
7.734783172607422
9.541903495788574
7.679068565368652
7.870758533477783
8.043417930603027
9.53309154510498
7.8592424392700195
8.729558944702148
9.43011474609375
9.477230072021484
8.692147254943848
9.559186935424805
7.682582378387451
8.025251388549805
9.052922248840332
8.90190601348877
7.9044413566589355
8.020669937133789
9.443742752075195
9.630910873413086
9.314329147338867
9.130006790161133
9.357251167297363
7.954041481018066
9.031135559082031
7.839303016662598
8.280869483947754
7.821833610534668
9.082974433898926
7.888211250305176
8.156633377075195
7.554793357849121
7.755852699279785
8.083681106567383
9.202247619628906
9.389681816101074
8.83071517944336
9.150131225585938
8.974112510681152
9.509264945983887
8.870551109313965
7.6946539878845215
9.381072998046875
7.853029727935791
9.541790008544922
9.027542114257812
9.060797691345215
9.175131797790527
8.687252044677734
9.100313186645508
7.8119096755981445
7.989763259887695
9.082834243774414
8.976323127746582
8.626456260681152
8.928512573242188
8.00998306274414
7.727225303649902
7.973145961761475
8.861323356628418
7.955243110656738
9.308890342712402
9.141876220703125
7.596652507781982
9.0769624710083
9.014235496520996
8.950428009033203
8.966447830200195
7.970801830291748
8.499248504638672
8.024351119995117
8.961935043334961
8.95292854309082
9.091341972351074
7.456655025482178
9.301437377929688
9.501657485961914
8.920147895812988
8.821624755859375
7.789580821990967
8.900461196899414
7.84948205947876
9.30301284790039
9.261955261230469
7.938887119293213
7.637756824493408
8.8281831741333
7.691776275634766
7.453790187835693
9.408032417297363
7.859131336212158
8.947942733764648
9.011933326721191
7.538177967071533
7.793564319610596
7.722485542297363
9.17685317993164
9.448305130004883
8.786786079406738
9.02846622467041
7.865045070648193
7.9486823081970215
9.464905738830566
7.811426639556885
7.596123218536377
7.876530170440674
8.870342254638672
7.726064205169678
7.791080951690674
7.630424976348877
9.033002853393555
7.776397705078125
7.696712970733643
9.355936050415039
7.834344863891602
7.788180828094482
8.797072410583496
7.8155598640441895
8.653708457946777
7.924725532531738
7.725368976593018
8.968727111816406
9.111227989196777
7.546245098114014
7.778626441955566
9.268835067749023
9.054512023925781
9.149725914001465
9.111828804016113
8.94859790802002
7.660204887390137
7.591195583343506
8.79328441619873
7.3719282150268555
9.103960037231445
8.911646842956543
8.578690528869629
9.121200561523438
9.176433563232422
8.488462448120117
9.164856910705566
7.6901774406433105
7.488523960113525
9.175765991210938
7.36334753036499
7.695778846740723
7.881951808929443
9.31789779663086
7.748124122619629
9.08283805847168
8.873682022094727
8.987850189208984
7.789632797241211
7.858632564544678
7.911992073059082
7.974997520446777
7.622951030731201
7.693417549133301
7.522812366485596
7.811129570007324
7.786637306213379
7.781800270080566
8.936859130859375
9.187644004821777
7.843628883361816
7.644744396209717
8.866750717163086
9.204286575317383
9.239458084106445
8.906570434570312
8.876847267150879
7.688724517822266
9.221067428588867
7.640822887420654
7.685791492462158
8.58071517944336
7.5745110511779785
7.371035099029541
7.725373268127441
9.273798942565918
7.717790603637695
7.8868584632873535
9.094213485717773
7.474067211151123
7.575252532958984
9.046982765197754
7.761925220489502
7.283708095550537
9.325798988342285
7.613908767700195
9.06075668334961
8.670690536499023
9.270570755004883
8.871871948242188
7.770218372344971
9.027417182922363
7.552695274353027
9.135823249816895
7.789411544799805
7.234653949737549
7.440069198608398
7.742160797119141
9.092560768127441
8.734551429748535
8.716414451599121
8.853946685791016
8.910951614379883
7.736541748046875
7.231828689575195
7.523123741149902
8.602124214172363
8.637932777404785
7.686960697174072
7.7237868309021
9.26772689819336
7.412168025970459
7.327231407165527
7.328906536102295
9.057029724121094
7.63387393951416
9.108619689941406
8.934418678283691
7.387465476989746
8.698992729187012
7.4279913902282715
8.642714500427246
9.184663772583008
8.500848770141602
7.712035655975342
7.103024959564209
8.68223762512207
9.082646369934082
8.69336223602295
8.550470352172852
8.551137924194336
8.704983711242676
8.753649711608887
8.64735221862793
7.543896198272705
7.826486587524414
7.582920074462891
8.896320343017578
8.139802932739258
9.114799499511719
7.683395862579346
7.48781681060791
8.88965892791748
7.398056983947754
8.672246932983398
7.509859561920166
8.499064445495605
7.6729631423950195
7.6154255867004395
8.861117362976074
7.477767467498779
8.991791725158691
7.489011287689209
9.284131050109863
8.814103126525879
7.376597881317139
7.55253267288208
9.03347110748291
8.460289001464844
7.492214202880859
7.444733142852783
7.336652755737305
7.330687999725342
7.442187786102295
8.878213882446289
7.093289375305176
8.455902099609375
8.616827011108398
7.162627220153809
8.765961647033691
8.649938583374023
7.474804878234863
8.339508056640625
8.536754608154297
7.778931140899658
8.329608917236328
7.4471821784973145
8.575249671936035
7.613758563995361
8.600373268127441
7.39384651184082
8.914875030517578
8.593500137329102
8.71914005279541
8.546069145202637
7.417097091674805
8.629646301269531
8.698845863342285
7.449382781982422
7.4338178634643555
7.347105979919434
8.734033584594727
7.274094104766846
7.662613391876221
7.647939205169678
7.754143238067627
8.961783409118652
7.5195770263671875
7.1567702293396
8.838729858398438
8.326664924621582
8.505013465881348
7.801608562469482
7.30683708190918
8.999489784240723
7.088360786437988
8.068790435791016
7.3092145919799805
7.3371992111206055
8.918787002563477
7.366400718688965
7.465738773345947
7.415087699890137
7.577646255493164
7.866556644439697
7.643556118011475
8.58421802520752
7.226308345794678
7.570427417755127
8.613290786743164
7.688320636749268
9.029054641723633
8.909174919128418
8.52637767791748
8.785187721252441
7.567178726196289
7.3283538818359375
8.331483840942383
7.285488128662109
8.621411323547363
7.538201332092285
7.613733768463135
7.319364070892334
7.2594451904296875
7.442903995513916
8.12584400177002
6.830406188964844
7.267191410064697
7.312910556793213
7.202358245849609
8.56844711303711
7.268908500671387
7.403349876403809
7.22016716003418
7.121133804321289
9.095450401306152
8.272980690002441
8.387518882751465
8.684940338134766
6.99843168258667
8.765140533447266
7.3845415115356445
8.564155578613281
7.314809322357178
7.399082660675049
8.78704833984375
7.086923599243164
7.129708766937256
8.23647689819336
7.343587398529053
7.172052383422852
7.308800220489502
7.325433254241943
8.955845832824707
8.67512321472168
7.4502105712890625
8.410724639892578
7.013877868652344
8.174705505371094
8.65622615814209
8.59947395324707
8.547418594360352
7.35675048828125
7.298020839691162
8.743490219116211
8.479276657104492
7.255568981170654
7.212653636932373
7.35555362701416
8.865340232849121
7.426497936248779
8.22889518737793
7.059452533721924
7.275197505950928
7.3224568367004395
7.282252788543701
8.58400821685791
7.1932148933410645
8.713751792907715
8.552360534667969
8.581242561340332
8.445594787597656
8.496929168701172
7.000988483428955
7.144962310791016
7.451380729675293
8.507765769958496
8.713459968566895
8.506731986999512
8.207451820373535
6.963871955871582
8.522368431091309
8.758999824523926
8.464495658874512
7.034747123718262
8.605770111083984
8.09952163696289
8.112103462219238
7.170591354370117
8.305917739868164
7.241346836090088
8.632537841796875
8.392523765563965
8.742048263549805
8.6702880859375
6.829746723175049
7.429155349731445
8.32151985168457
7.35473108291626
7.222855567932129
7.314911365509033
6.8454461097717285
8.482352256774902
8.53531551361084
8.774618148803711
6.780572414398193
7.148256778717041
8.396284103393555
7.043696880340576
8.177497863769531
8.724299430847168
7.2374653816223145
7.31763219833374
6.872367858886719
6.996411323547363
7.219963550567627
7.465641975402832
7.131490230560303
6.90900993347168
8.6111478805542
6.848780632019043
7.072326183319092
6.929713726043701
7.858314037322998
8.630940437316895
8.301971435546875
7.081106185913086
8.447433471679688
6.944705486297607
8.00378131866455
7.001585483551025
8.527040481567383
7.941043853759766
8.310575485229492
7.017180442810059
7.078307628631592
7.2704291343688965
6.894035816192627
6.834573745727539
6.934198379516602
6.938760757446289
7.071192741394043
7.125880241394043
8.075591087341309
6.994225978851318
6.99747896194458
7.091256141662598
8.577361106872559
7.0195231437683105
6.833767890930176
7.0139994621276855
7.09375
8.462895393371582
6.834175109863281
7.162963390350342
8.471123695373535
6.75291109085083
6.90546989440918
7.092733383178711
8.448662757873535
8.144856452941895
8.390344619750977
7.991779327392578
8.196775436401367
8.039048194885254
6.982301712036133
8.147457122802734
6.786292552947998
8.274828910827637
8.322537422180176
6.852056980133057
7.139770984649658
6.600199222564697
6.419243812561035
7.011943340301514
6.867802143096924
7.082481861114502
6.8096723556518555
8.079113006591797
6.746820449829102
7.1381001472473145
6.988881587982178
8.211121559143066
7.961008071899414
7.9006147384643555
7.85092830657959
7.898655891418457
8.405891418457031
8.263386726379395
7.907548904418945
7.263607978820801
8.238860130310059
8.12075138092041
7.939816951751709
7.777682304382324
7.876376628875732
8.026244163513184
7.029413223266602
7.292491436004639
8.150784492492676
8.03900146484375
6.946702480316162
7.012803077697754
6.42263126373291
8.04313850402832
7.805696487426758
6.8734869956970215
8.216306686401367
6.997594833374023
7.1173624992370605
6.8471150398254395
7.260225772857666
6.74879789352417
8.1165189743042
8.048097610473633
7.014537334442139
8.158129692077637
7.182528972625732
7.964930534362793
7.926362991333008
8.008719444274902
7.106977939605713
8.2312593460083
6.878063678741455
6.572719097137451
6.657508850097656
7.702332019805908
6.801494121551514
8.182188034057617
8.21877670288086
7.151577949523926
6.8932976722717285
7.029662609100342
8.066155433654785
8.273393630981445
8.233905792236328
8.279982566833496
6.841362476348877
6.786258697509766
8.626810073852539
6.91787052154541
8.136181831359863
7.815751552581787
7.902111053466797
8.186141014099121
8.150720596313477
7.487269878387451
6.94409704208374
6.9698052406311035
8.37573528289795
7.856078147888184
7.897151947021484
6.984363079071045
6.545077323913574
7.014823913574219
6.730291366577148
7.9880900382995605
7.62385892868042
6.860108852386475
6.988725662231445
7.921606540679932
7.743298530578613
8.18368148803711
6.474748611450195
7.605403900146484
7.032736301422119
7.021120548248291
8.0465669631958
8.20341968536377
7.7529826164245605
6.960707664489746
6.941222667694092
6.74282169342041
8.119166374206543
7.2620134353637695
6.775487899780273
7.977883815765381
7.844720363616943
8.362513542175293
7.592452526092529
7.358831405639648
7.050348281860352
7.979760646820068
8.281655311584473
7.596003532409668
6.810853481292725
6.7060627937316895
8.303820610046387
7.934524059295654
7.912479400634766
7.028186798095703
6.714268207550049
7.750839710235596
7.709502696990967
6.723010063171387
8.102503776550293
8.201200485229492
7.873318672180176
6.789400577545166
6.704598903656006
8.12873363494873
7.705336093902588
8.236663818359375
6.898709774017334
6.628550052642822
8.157011032104492
7.493953704833984
7.554101467132568
6.795561790466309
7.43507194519043
6.7130866050720215
8.219593048095703
6.601095199584961
6.62521505355835
6.690974235534668
8.200929641723633
7.309706211090088
6.761207580566406
7.398277282714844
8.004606246948242
7.68787956237793
8.027379035949707
7.4445648193359375
6.570934295654297
7.006807804107666
7.607072830200195
7.5117669105529785
6.657108783721924
7.456273555755615
6.716548442840576
6.7605133056640625
6.52008056640625
6.733950614929199
6.859124660491943
6.585152626037598
6.261617660522461
6.473731994628906
6.8000168800354
7.645520210266113
7.817583084106445
6.824897766113281
6.29024600982666
6.887453556060791
8.333989143371582
7.398981094360352
7.717409133911133
8.007497787475586
7.748508453369141
6.63970947265625
7.494826793670654
8.081364631652832
6.4445672035217285
8.229947090148926
6.5659685134887695
7.183251857757568
7.821630001068115
7.738780975341797
6.343292713165283
7.412593364715576
6.574031829833984
6.634615421295166
6.80428409576416
6.542613983154297
6.701085567474365
7.543581962585449
6.722277641296387
7.851940631866455
6.547278881072998
6.4142303466796875
7.463242530822754
7.485243320465088
6.41104793548584
6.504689693450928
6.4820237159729
7.684925556182861
6.669197082519531
6.368983268737793
6.622462272644043
7.465789794921875
7.721066951751709
7.436164379119873
7.953114986419678
7.643613815307617
7.770078659057617
6.623010635375977
6.638561248779297
6.66937780380249
7.698071479797363
7.316967964172363
6.450090408325195
7.205530166625977
6.399662971496582
6.472143650054932
8.079056739807129
6.567356109619141
7.693478107452393
7.904594421386719
6.548749923706055
6.297894477844238
7.937648296356201
7.548780918121338
6.752936363220215
6.329329967498779
6.642901420593262
7.528281211853027
6.757498264312744
7.5613813400268555
7.37428092956543
6.331150054931641
7.733584880828857
6.361763954162598
7.3401594161987305
7.799251556396484
7.387652397155762
7.734722137451172
7.266838550567627
8.04404067993164
6.481812953948975
6.02780818939209
7.226978302001953
7.802948474884033
6.588653087615967
7.338982105255127
6.290557384490967
7.799910545349121
6.300927639007568
6.598449230194092
7.500718116760254
6.752763271331787
7.042076110839844
7.9262824058532715
7.501751899719238
7.4358320236206055
7.549614906311035
7.258026599884033
6.492344379425049
7.360221862792969
7.305614948272705
7.699890613555908
6.345146656036377
7.270535945892334
7.4034881591796875
6.513669967651367
6.702158451080322
7.1501851081848145
6.5913214683532715
6.247399806976318
6.370491981506348
7.719958782196045
6.5021257400512695
7.210294723510742
6.553780555725098
6.615066051483154
7.608089923858643
6.287004470825195
6.665927886962891
6.931062698364258
7.4597625732421875
6.580096244812012
7.570704936981201
7.694559574127197
6.371213912963867
7.098194122314453
7.114901065826416
7.586438179016113
7.300795078277588
6.425921440124512
7.306735515594482
6.516180515289307
7.4353346824646
7.097304821014404
6.353847503662109
7.313726902008057
7.5088372230529785
7.421264171600342
7.3870344161987305
7.782362937927246
6.460276126861572
6.2238078117370605
6.229318141937256
7.828629970550537
6.841649055480957
6.170595169067383
5.951550006866455
7.733287334442139
6.250673294067383
7.248837471008301
7.931614398956299
7.186049938201904
6.030752182006836
6.524257659912109
7.6229352951049805
7.5629048347473145
6.381988525390625
7.358353137969971
7.644911289215088
6.5975775718688965
7.284401893615723
6.4111714363098145
6.3339643478393555
6.211513996124268
6.499472618103027
6.72395133972168
7.319427013397217
7.668770790100098
6.257859230041504
7.0008864402771
6.552457332611084
6.801537036895752
6.484308242797852
6.348464488983154
6.243492126464844
7.577895641326904
6.299638748168945
6.551861763000488
7.541140556335449
6.7937703132629395
6.677059650421143
6.2072954177856445
6.100487232208252
6.185554027557373
6.020258903503418
7.389778137207031
7.554708480834961
6.433550834655762
7.546360015869141
6.380481243133545
7.280567169189453
6.2584309577941895
5.915098190307617
7.557305335998535
5.9391889572143555
6.535621643066406
6.122493743896484
7.645228862762451
5.6785383224487305
5.952887535095215
6.842470169067383
6.3893656730651855
6.203797340393066
6.30558967590332
7.224339008331299
7.197877407073975
6.269857406616211
6.4745917320251465
6.18598747253418
7.058357238769531
7.236591815948486
6.1239495277404785
6.305733680725098
7.04954719543457
6.35809850692749
6.143012523651123
7.341251373291016
6.401515483856201
6.137969017028809
7.309316635131836
6.388659477233887
7.543815612792969
7.487701416015625
6.264449596405029
6.263575077056885
6.090818881988525
5.91688871383667
6.300684928894043
6.009274959564209
6.349315643310547
5.868781089782715
7.421630382537842
6.06633186340332
6.015347003936768
6.202629089355469
6.211326599121094
7.281399250030518
6.844796657562256
6.6204142570495605
7.112924098968506
6.170032024383545
7.196837902069092
5.8924455642700195
7.816309928894043
6.29824161529541
6.391430854797363
7.239342212677002
6.153522491455078
6.245508670806885
7.385573863983154
6.947431564331055
6.532791614532471
7.312031269073486
6.008721351623535
6.777665615081787
5.998950958251953
6.879500865936279
7.464537143707275
6.13502311706543
6.9990925788879395
6.943999290466309
5.918341159820557
7.444302558898926
6.584821701049805
6.072811603546143
6.240546226501465
6.022502899169922
6.0050272941589355
7.019232749938965
7.36824369430542
6.3341383934021
6.038921356201172
5.862969398498535
7.209107398986816
6.096842288970947
7.172050476074219
6.043769836425781
6.119187831878662
5.948573112487793
7.151193141937256
6.778418064117432
6.806802272796631
7.006533145904541
5.99392032623291
6.054834842681885
7.0634660720825195
6.887079238891602
6.953964710235596
6.995286464691162
7.132173538208008
5.925662994384766
7.630190849304199
6.0850114822387695
6.459420204162598
5.821573257446289
6.14725399017334
7.227406024932861
7.167707920074463
6.044771194458008
6.019052505493164
7.295627117156982
5.9103546142578125
5.847663402557373
5.53980827331543
6.346200466156006
7.18176794052124
6.230983257293701
6.811338424682617
6.262718677520752
7.217057704925537
6.442506313323975
5.9220757484436035
7.074133396148682
6.029394626617432
6.970419406890869
6.106978416442871
6.635175704956055
6.906147480010986
6.573141098022461
6.16145658493042
5.7916717529296875
7.2725090980529785
6.22613000869751
6.073094367980957
6.318021774291992
6.735602378845215
7.276636123657227
6.147355079650879
6.87866735458374
6.948709011077881
6.802186965942383
5.959964275360107
6.153996467590332
6.103769302368164
7.035076141357422
5.953354358673096
5.933732509613037
5.928079128265381
7.200986385345459
6.2041015625
6.7865519523620605
5.8004841804504395
5.9812726974487305
6.057707786560059
5.771750450134277
5.925419807434082
5.860164642333984
5.994805812835693
6.289045810699463
6.037423133850098
7.089603424072266
6.366657257080078
5.761718273162842
5.78283166885376
5.888131618499756
6.397919178009033
6.703637599945068
5.8735222816467285
6.335471153259277
5.979175090789795
6.8163981437683105
5.82146692276001
6.127211570739746
6.015798568725586
6.847792148590088
6.976873874664307
6.798001289367676
6.866225719451904
7.159542083740234
6.8159403800964355
6.957248687744141
6.094760417938232
7.228068828582764
7.044957160949707
5.824762344360352
5.662724494934082
6.977743625640869
6.980901718139648
6.98857307434082
6.134516716003418
6.676052570343018
6.506647109985352
6.92347526550293
6.08517599105835
5.736908435821533
6.613542079925537
7.190614223480225
5.502681255340576
6.893558979034424
6.154284477233887
6.809661388397217
6.015989303588867
5.890389919281006
5.661416053771973
6.580070495605469
6.657751083374023
6.722534656524658
7.244958877563477
6.737767696380615
6.825704574584961
6.403913974761963
7.081150531768799
6.984665870666504
5.951443672180176
6.784382343292236
6.994479179382324
5.894144535064697
5.868326663970947
6.357705116271973
7.084321022033691
7.052036285400391
6.143374443054199
5.909103870391846
6.794898986816406
6.650313377380371
5.901559829711914
5.968652248382568
6.7951531410217285
5.683865547180176
5.713524341583252
5.670907974243164
6.888880729675293
5.8448486328125
6.679211616516113
6.7148542404174805
5.606300354003906
6.759859085083008
5.691720485687256
5.480980396270752
6.487437725067139
5.626150131225586
6.6576409339904785
6.742568016052246
5.786913871765137
6.928053855895996
5.60582160949707
7.118654251098633
6.747218608856201
6.709772109985352
6.072871208190918
6.019773960113525
6.732469081878662
6.009862899780273
5.982038497924805
7.003127098083496
6.874773025512695
6.108937740325928
6.0098795890808105
6.75667142868042
5.5932183265686035
7.017216682434082
6.564019203186035
6.801329135894775
6.191009044647217
7.319445610046387
6.798840522766113
6.5394287109375
5.717949390411377
6.782808303833008
5.73048210144043
5.672574520111084
5.81122350692749
6.952630996704102
5.951882839202881
6.744716167449951
5.928541660308838
5.369969367980957
5.7691450119018555
7.090382099151611
6.607260704040527
5.835103511810303
6.694798469543457
6.757728576660156
5.741938591003418
5.661759376525879
6.852027416229248
6.917068004608154
5.647960186004639
7.203826904296875
5.706789970397949
5.982447624206543
6.897995471954346
6.059006214141846
5.585042476654053
5.655452728271484
6.0001983642578125
6.3868913650512695
6.5768141746521
5.952487468719482
5.5026702880859375
5.9548563957214355
5.926144123077393
6.596373081207275
5.755072116851807
6.507143020629883
5.741330623626709
5.590372562408447
7.1931891441345215
6.904051780700684
6.420368194580078
5.776422500610352
5.970528602600098
5.516815185546875
7.341280937194824
6.8528594970703125
5.595160007476807
6.96919059753418
5.5062336921691895
7.18519401550293
6.961414813995361
5.673770904541016
5.973408222198486
5.567304611206055
6.492908477783203
5.834175109863281
5.508254051208496
5.931057929992676
5.63355827331543
6.762516975402832
6.375619411468506
6.691219329833984
6.61752462387085
5.9531378746032715
5.6497039794921875
6.231445789337158
6.590473651885986
6.690036773681641
5.562760353088379
5.6933794021606445
5.798630237579346
5.951267242431641
6.707573413848877
5.780317783355713
6.706489086151123
5.554170608520508
5.45689058303833
5.47212028503418
5.787290573120117
6.960322380065918
6.244720458984375
5.611396789550781
5.509859561920166
6.443877220153809
5.890580654144287
6.898562431335449
6.74218225479126
5.925441741943359
5.45713996887207
5.542361259460449
6.6990580558776855
6.014771938323975
5.696795463562012
6.539671897888184
5.949647426605225
6.164668083190918
6.596810340881348
6.085200309753418
5.494662761688232
6.701242923736572
5.67840576171875
6.988009929656982
5.557926177978516
5.800413131713867
5.381916522979736
5.607394695281982
5.965001106262207
6.452531814575195
5.6042633056640625
5.373232841491699
6.494745254516602
5.857314109802246
6.324531078338623
6.355356216430664
6.506916046142578
6.754448413848877
5.661412239074707
6.353970050811768
6.110440254211426
6.977766036987305
6.141392707824707
6.500311851501465
5.576286792755127
6.7430620193481445
5.171255588531494
6.2604594230651855
6.405421733856201
6.142702102661133
6.133931636810303
6.831282615661621
6.594697952270508
6.213634967803955
5.394445896148682
6.250502586364746
6.032983779907227
6.999367713928223
5.335822105407715
5.371287822723389
5.98563814163208
6.152575969696045
6.738588333129883
5.552255630493164
5.876557350158691
5.214278221130371
6.785798072814941
6.600281715393066
5.830276966094971
5.550621032714844
5.551352024078369
5.715782642364502
6.544077396392822
5.663241863250732
7.083086013793945
6.314743518829346
6.675854682922363
6.6689581871032715
6.224428653717041
6.808045387268066
6.9750776290893555
5.628412246704102
5.666984558105469
6.633309841156006
5.7757954597473145
6.263376235961914
5.471748352050781
5.654890537261963
5.76211404800415
5.672256946563721
5.637328624725342
6.510593414306641
6.9827117919921875
6.438988208770752
5.4855241775512695
6.775182723999023
6.538572788238525
6.701635360717773
6.4142584800720215
5.622982978820801
6.477391242980957
5.100635528564453
5.436919689178467
6.942816734313965
6.324347496032715
5.422285556793213
5.7015886306762695
6.223826885223389
6.805719375610352
6.711874008178711
6.445789337158203
6.053560733795166
5.919743061065674
6.67712926864624
5.66379976272583
6.398446083068848
5.552426338195801
6.237374782562256
5.906853199005127
5.850346565246582
7.028681755065918
6.17681360244751
6.311822414398193
5.559511661529541
5.923816204071045
6.513919830322266
5.679206848144531
6.84812593460083
5.528337478637695
5.735877990722656
6.434683322906494
6.776156425476074
5.534079074859619
5.545299530029297
6.570570468902588
6.74934196472168
5.635069847106934
5.870497226715088
5.612375259399414
6.859963893890381
6.709564685821533
5.384922981262207
5.600544452667236
6.494821548461914
7.1655354499816895
6.66995096206665
6.42824649810791
5.698927879333496
5.548083782196045
6.9986042976379395
6.785815715789795
6.399050235748291
5.904573917388916
5.609987735748291
6.204898357391357
6.614538669586182
5.816216468811035
5.606724739074707
5.811931133270264
5.350705146789551
6.8952155113220215
5.289356708526611
6.663351058959961
5.3587565422058105
5.490420341491699
6.321813583374023
6.506021976470947
6.187963008880615
5.390934467315674
5.582098007202148
6.081218242645264
6.604689598083496
6.422975063323975
5.519946098327637
5.4707794189453125
7.4044013023376465
5.363823413848877
6.773245334625244
5.994519233703613
6.772284507751465
6.69261360168457
6.269944667816162
6.787525177001953
5.4661760330200195
5.494455814361572
6.121594429016113
6.624175548553467
6.87251091003418
5.301548004150391
5.813282012939453
5.610173225402832
6.563143730163574
5.879919052124023
6.770116806030273
6.670644283294678
5.537878513336182
6.403836727142334
5.868997573852539
6.370240688323975
5.7991943359375
5.290522575378418
5.7022528648376465
6.7806525230407715
5.342101573944092
5.674408435821533
5.53971529006958
5.758946418762207
6.413519382476807
5.659674167633057
5.603686332702637
5.424917221069336
5.858401298522949
5.352012634277344
5.622107982635498
5.977545738220215
5.413217067718506
6.522653102874756
6.4987616539001465
6.373402118682861
5.414841175079346
6.507298469543457
6.643185138702393
5.7472405433654785
5.570849418640137
5.477505207061768
5.4537811279296875
6.574512004852295
6.002910137176514
5.510701656341553
5.777548313140869
5.254370212554932
5.436596393585205
5.446531772613525
6.016796588897705
6.702376842498779
5.389352321624756
6.599372386932373
5.662790775299072
5.98318338394165
5.7452287673950195
5.898806571960449
5.4269633293151855
5.491058826446533
5.7259721755981445
5.652132511138916
5.452254295349121
6.700004577636719
6.2952799797058105
5.6514811515808105
5.698030471801758
5.518487453460693
5.834377765655518
5.400928020477295
6.828197002410889
6.271879196166992
5.4431352615356445
5.436422348022461
5.528316497802734
5.505779266357422
6.601844787597656
5.355072975158691
6.711034297943115
5.538218021392822
5.235347270965576
5.888408184051514
5.340027332305908
5.475440502166748
6.378951549530029
6.388643741607666
6.597957611083984
6.759986400604248
6.078298568725586
5.719357967376709
5.45258092880249
6.561032772064209
6.646055221557617
5.3470869064331055
5.566309928894043
5.508127212524414
6.70898962020874
6.215041637420654
5.487866401672363
6.373534202575684
5.9586501121521
5.194523334503174
5.369086265563965
6.102630138397217
5.404964923858643
6.065108776092529
5.569753646850586
6.268014907836914
5.628570556640625
6.388123035430908
6.577628135681152
5.287923812866211
6.595422267913818
5.5636749267578125
5.5207343101501465
6.051764011383057
5.221347808837891
6.213634490966797
6.82169246673584
5.260630130767822
5.569829940795898
5.73763370513916
6.014956951141357
5.553035736083984
5.6920294761657715
6.116854190826416
5.94754695892334
6.144620895385742
5.760007381439209
6.158619403839111
6.393885612487793
5.772922992706299
5.3252644538879395
5.851054668426514
5.602659702301025
6.487521171569824
6.557085037231445
6.555487155914307
5.923837661743164
6.662265777587891
5.633729457855225
5.545926094055176
5.346451282501221
5.24960470199585
6.616722583770752
5.576781749725342
6.5538835525512695
6.2284698486328125
5.850083351135254
5.535055160522461
6.163365840911865
5.578393936157227
5.9895830154418945
5.57759952545166
6.460257053375244
6.260674476623535
6.140573501586914
5.287255764007568
6.4977850914001465
6.211531162261963
5.209924221038818
5.3671488761901855
5.705265998840332
5.9916486740112305
6.43847131729126
5.5760979652404785
6.271320819854736
6.306787490844727
6.127669334411621
6.001292705535889
5.269515514373779
6.151270866394043
5.360219955444336
5.854981899261475
5.636978626251221
5.540820121765137
6.103276252746582
6.43126916885376
6.498528957366943
5.365623950958252
6.137401103973389
6.33062219619751
5.703967571258545
5.570518970489502
5.657131671905518
5.414564609527588
5.7577595710754395
6.266623497009277
5.86967134475708
6.063385963439941
5.475449562072754
6.467464447021484
5.861392974853516
5.542081356048584
5.650976657867432
5.100032329559326
6.272566795349121
5.473608493804932
6.056035041809082
5.510329246520996
5.395571708679199
6.584905624389648
6.068934440612793
5.606960773468018
6.061028003692627
5.294917583465576
6.671060085296631
5.952662944793701
5.43351411819458
5.300508975982666
6.447041988372803
6.60609245300293
5.357959270477295
5.48389196395874
5.378784656524658
5.1792097091674805
5.562404632568359
5.435329437255859
5.799339771270752
6.181975364685059
5.257979869842529
6.265575885772705
6.117150783538818
5.412980556488037
5.367379188537598
5.3294477462768555
6.537143707275391
6.51875114440918
5.394757270812988
5.130485534667969
5.75154447555542
5.376336574554443
6.084466457366943
5.107358932495117
5.109514236450195
5.8604888916015625
5.47044563293457
5.497941493988037
6.442110061645508
6.31076717376709
6.39048433303833
5.500377178192139
6.29211950302124
5.405804634094238
5.497786521911621
6.260692119598389
6.012032985687256
6.469639778137207
6.433549404144287
6.4058966636657715
5.848362922668457
5.419559001922607
5.420637607574463
5.804944038391113
5.3413872718811035
6.292205810546875
6.393398761749268
5.215785026550293
5.368210315704346
5.458495616912842
6.1662187576293945
5.6655449867248535
6.462657451629639
5.634887218475342
5.1191182136535645
6.173579216003418
5.818758964538574
6.325836181640625
6.433028697967529
5.71359395980835
5.842848300933838
6.0601043701171875
6.725388050079346
5.563835144042969
6.204946041107178
6.437912940979004
5.726675510406494
6.534918308258057
5.057499885559082
5.8993449211120605
5.388015270233154
6.158949375152588
6.152712345123291
5.554421424865723
5.332269668579102
6.6377854347229
5.680933475494385
5.3076887130737305
5.604188919067383
6.494561672210693
6.554872989654541
5.1400604248046875
6.200128078460693
6.134961128234863
5.253694534301758
5.4523024559021
6.094300270080566
5.78566837310791
5.407828330993652
5.1257123947143555
6.564673900604248
5.987728595733643
5.862158298492432
6.327545642852783
5.486540794372559
5.333642482757568
5.322666645050049
5.219882011413574
6.987811088562012
6.623500347137451
6.33022403717041
5.838757514953613
6.317004203796387
6.446710586547852
6.246592044830322
6.434046268463135
5.6457438468933105
6.423403739929199
5.142122745513916
5.506002902984619
6.137789726257324
5.218871116638184
5.305117607116699
6.557461738586426
6.433860778808594
6.214447498321533
6.118797302246094
5.633026599884033
6.613478660583496
6.030220031738281
6.082772254943848
6.54561185836792
4.891459941864014
6.300617694854736
6.3910627365112305
6.066835880279541
5.640096187591553
6.351833343505859
5.758911609649658
6.282618522644043
5.09853982925415
5.794657230377197
5.391725540161133
6.198000431060791
6.4961838722229
5.562699794769287
5.465065002441406
5.438812732696533
6.396223545074463
5.617352485656738
6.569277286529541
5.934542655944824
5.6673712730407715
5.329460620880127
5.251164436340332
5.484692096710205
5.8901543617248535
5.77993631362915
5.639286518096924
5.834274768829346
5.056970596313477
6.434961318969727
6.546375751495361
6.211277484893799
5.133886337280273
5.3107218742370605
6.4893975257873535
5.74152946472168
6.572947978973389
5.114630222320557
5.850155353546143
6.339475154876709
5.821992874145508
5.199473857879639
6.1790056228637695
5.17418909072876
5.242175579071045
6.193637371063232
5.242355823516846
6.00613260269165
5.245529651641846
5.330167293548584
6.448472023010254
5.205437183380127
5.690208911895752
5.188996315002441
5.826997756958008
5.490314483642578
6.7649993896484375
6.231204509735107
6.696726322174072
5.438150882720947
6.066427707672119
5.219425201416016
5.050388813018799
5.354080677032471
5.444730281829834
5.2531609535217285
6.253415584564209
6.446376323699951
6.556916236877441
6.701173782348633
5.5931291580200195
6.007775783538818
6.11787223815918
5.1626362800598145
6.47786283493042
5.482128620147705
5.2175374031066895
5.684539318084717
5.2857561111450195
6.64163875579834
6.412673473358154
6.058851718902588
4.977771759033203
5.408500671386719
6.423827171325684
6.260006427764893
5.564481258392334
6.3501129150390625
5.7780561447143555
5.320286750793457
5.594496250152588
6.3988776206970215
5.459458827972412
5.294090747833252
5.992930889129639
6.070010662078857
6.076733112335205
5.534250736236572
5.174442768096924
5.221101760864258
5.087582588195801
6.395712852478027
6.552012920379639
5.488675594329834
6.32373046875
6.276982307434082
5.603515148162842
6.028620719909668
5.320278644561768
5.3804521560668945
6.235900402069092
5.058424949645996
5.335297584533691
5.6625800132751465
5.214468955993652
5.819540500640869
5.870804786682129
6.148130416870117
5.742401123046875
6.449403285980225
6.390164375305176
5.315616130828857
5.203109264373779
5.435527324676514
5.386036396026611
5.4940900802612305
6.244667053222656
5.962025165557861
6.210021495819092
5.189958095550537
5.122724533081055
5.669219970703125
5.112882137298584
6.105208396911621
5.735711574554443
5.054960250854492
5.321959018707275
5.3782477378845215
5.3748579025268555
5.279040336608887
6.0958781242370605
5.240743637084961
5.59813117980957
5.466726779937744
5.0945820808410645
5.069198131561279
5.527413368225098
6.285979270935059
6.237867832183838
5.137479305267334
5.696384429931641
5.699488639831543
5.7649335861206055
5.040380001068115
5.2641282081604
6.500283241271973
5.48499870300293
5.258265495300293
5.835099697113037
5.2993340492248535
5.580074310302734
5.885303974151611
5.132218837738037
5.175564765930176
5.310510158538818
6.5935845375061035
6.342082500457764
5.215599060058594
6.026312828063965
5.812341690063477
5.441102981567383
5.521342754364014
5.44682502746582
6.462496280670166
5.4875311851501465
5.300330638885498
6.034511089324951
6.586101531982422
4.972248554229736
5.381651401519775
6.154007911682129
5.234175205230713
5.607197284698486
6.348489761352539
5.36048698425293
5.319057464599609
6.521474361419678
4.9661030769348145
5.427556037902832
5.8352251052856445
6.336777210235596
5.333301544189453
6.53922176361084
6.263673782348633
5.308961868286133
5.143882751464844
5.263634204864502
6.259068965911865
4.924668312072754
5.494100570678711
5.151224136352539
5.471558094024658
4.9255475997924805
5.817975044250488
5.042416095733643
5.688387870788574
6.168267726898193
6.065298557281494
6.363346099853516
5.6381049156188965
6.329542636871338
5.091930866241455
6.366932392120361
5.93438720703125
5.852202892303467
6.334089756011963
5.325728416442871
5.641988754272461
5.854062557220459
6.0939249992370605
5.437728404998779
5.468527317047119
5.897044658660889
5.505290985107422
5.528517246246338
5.564813137054443
6.118876934051514
6.383530139923096
5.184629440307617
5.548774719238281
6.158976078033447
5.6909661293029785
6.344566345214844
5.50126314163208
6.5237603187561035
6.0767035484313965
5.406519412994385
5.555922985076904
5.675873756408691
5.177911758422852
5.108444690704346
5.247323989868164
5.945480823516846
5.477611064910889
5.29728364944458
5.22186279296875
5.301984786987305
6.16599702835083
6.22001838684082
5.391054153442383
6.152557373046875
5.054783821105957
5.948572158813477
5.273004055023193
6.237637996673584
5.2852325439453125
5.403404235839844
5.816641807556152
5.37417459487915
5.439540863037109
5.102402687072754
5.52600622177124
5.369813442230225
5.652011871337891
5.382601737976074
5.183015823364258
5.30522346496582
6.624982833862305
6.892696380615234
6.404641151428223
5.000741958618164
6.198040962219238
6.269678592681885
5.228707313537598
6.507241725921631
5.233904838562012
5.4339423179626465
6.180375576019287
5.9125847816467285
6.149758815765381
5.5719380378723145
5.431127548217773
5.819087028503418
6.143333435058594
5.47128438949585
6.373129367828369
5.191482067108154
6.4004130363464355
6.212549209594727
5.6391472816467285
5.471772193908691
6.129753112792969
6.582655906677246
5.246163845062256
6.275624752044678
6.126163959503174
5.766036033630371
6.379495620727539
6.532547473907471
5.257985591888428
6.721434593200684
6.088726997375488
5.8294196128845215
5.064876556396484
5.465868949890137
5.984256267547607
5.31948184967041
5.957406520843506
6.267534255981445
5.5374908447265625
5.408036708831787
5.746158123016357
5.317466735839844
5.200395107269287
5.574349403381348
5.74276065826416
5.588352203369141
6.348274230957031
5.371026992797852
5.342260837554932
5.871603965759277
5.179380893707275
5.3821635246276855
5.387748718261719
5.154336452484131
5.760558605194092
5.2443156242370605
5.2462053298950195
5.627953052520752
5.170649528503418
6.1202569007873535
5.653653144836426
5.572691440582275
5.96260404586792
6.148497581481934
5.858285903930664
5.940673351287842
5.968813896179199
5.306488037109375
5.240733623504639
5.220947742462158
5.8184285163879395
5.8416876792907715
5.238602161407471
5.758962154388428
5.219710350036621
5.434915542602539
5.7034196853637695
5.914428234100342
5.458070755004883
5.070035934448242
5.265064239501953
5.838646411895752
5.216920852661133
5.3646769523620605
5.174751281738281
6.29050874710083
6.478061676025391
5.810719013214111
5.705589294433594
5.7933878898620605
5.601487636566162
5.530220985412598
6.6788411140441895
4.96759557723999
6.2051568031311035
6.028231620788574
5.37812614440918
5.4623308181762695
5.522225379943848
5.1516804695129395
5.503415584564209
6.25684928894043
6.3175578117370605
5.5651350021362305
6.199923515319824
5.233343601226807
5.383817195892334
5.329152584075928
5.375266075134277
5.889043807983398
6.5034613609313965
6.10466194152832
5.140585422515869
6.503199100494385
5.1070733070373535
6.493470191955566
5.738227844238281
5.340959548950195
6.19943380355835
5.867733478546143
5.872094631195068
5.150397300720215
5.50775671005249
6.626293659210205
5.377506732940674
6.938625335693359
6.185791969299316
5.749790191650391
5.507678031921387
5.277256488800049
6.666470050811768
5.291787147521973
5.248544216156006
5.739223480224609
5.516824722290039
5.689640045166016
5.908785820007324
6.742558002471924
5.373352527618408
6.26972770690918
5.936352252960205
6.236533164978027
5.799955368041992
5.7594099044799805
5.589298725128174
5.448012828826904
6.082251071929932
5.673867225646973
6.061941623687744
6.458331108093262
4.987003326416016
5.150953769683838
5.29286003112793
5.483397006988525
5.07239294052124
6.057356357574463
5.0755157470703125
5.726676940917969
6.26854944229126
5.43771505355835
6.1455302238464355
5.8482537269592285
5.433452606201172
5.098763465881348
6.55602502822876
6.592001438140869
5.054727554321289
5.971831798553467
6.46800422668457
5.443658828735352
6.111058235168457
5.873589038848877
5.539556980133057
6.248945236206055
5.298221588134766
5.580185413360596
6.100386142730713
5.335415840148926
5.159503936767578
5.233198165893555
5.168819427490234
5.775651454925537
6.179231643676758
6.081949710845947
5.544301986694336
6.118657112121582
6.320596218109131
6.202122688293457
5.232097148895264
6.027636528015137
6.551314353942871
5.982091426849365
5.22428035736084
6.35397481918335
5.35612154006958
6.197593688964844
6.280032634735107
5.305403232574463
5.4704437255859375
5.361868858337402
5.584584712982178
5.78852653503418
6.342730522155762
5.301614284515381
4.9772772789001465
6.059441566467285
5.782679557800293
4.965241432189941
5.075473308563232
6.390480041503906
6.014118194580078
6.041407108306885
5.193078517913818
6.29720401763916
5.804713726043701
6.161957263946533
5.385927200317383
5.929001808166504
5.182054042816162
5.34589958190918
5.09585428237915
5.699450492858887
5.573709011077881
5.315417289733887
5.8383588790893555
5.270623207092285
6.173928737640381
4.703894138336182
5.538913249969482
6.255279064178467
5.492342948913574
5.523556709289551
5.382604122161865
4.885068416595459
6.686710834503174
6.169106960296631
6.596051216125488
6.070786952972412
5.044440269470215
5.539857387542725
5.197243690490723
4.867207050323486
6.27468729019165
5.696417808532715
5.898226737976074
5.275454998016357
5.671560764312744
6.063429355621338
6.328078269958496
6.743580341339111
6.668736457824707
6.173708915710449
5.878423690795898
6.104085922241211
5.536923408508301
6.298658847808838
5.71305513381958
6.029577255249023
5.445248603820801
6.051933288574219
5.859929084777832
5.870233535766602
6.173705577850342
5.921372890472412
5.803321838378906
6.341915130615234
6.382349014282227
5.320952892303467
6.069460391998291
5.215895652770996
6.016585826873779
5.135798454284668
5.310606479644775
5.406684875488281
5.843121528625488
5.46760892868042
4.977962493896484
6.232885837554932
5.744457244873047
4.862236976623535
5.228265285491943
5.216376304626465
5.824718475341797
4.903757095336914
5.8592753410339355
4.714992523193359
6.359097957611084
5.602590084075928
5.453152179718018
5.1015625
6.3644938468933105
6.009434700012207
6.057072639465332
5.36478853225708
5.718319416046143
5.193605899810791
5.190067291259766
4.955644607543945
5.646007537841797
5.9365410804748535
5.053112506866455
5.68923282623291
6.072455883026123
5.959499359130859
4.917945384979248
5.276800632476807
6.02778434753418
6.1048808097839355
5.168942451477051
6.143132209777832
5.6534037590026855
5.661749362945557
6.076275825500488
6.176582336425781
6.3092145919799805
5.2733073234558105
6.080745220184326
5.1492204666137695
5.7150115966796875
5.127772808074951
5.411343097686768
4.732823371887207
5.5320024490356445
6.472969055175781
5.225419998168945
5.60790491104126
5.368405818939209
5.4212141036987305
5.2956366539001465
5.612399578094482
6.087905406951904
6.539694786071777
5.837351322174072
4.869748115539551
5.569458961486816
5.700985908508301
5.147395133972168
6.007043361663818
5.432696342468262
5.647538661956787
6.460524559020996
5.220130920410156
5.502737045288086
5.204367637634277
5.189836502075195
5.0050368309021
5.219822406768799
6.236822128295898
5.1328630447387695
6.120948314666748
6.259850025177002
5.152170658111572
5.728440284729004
5.466389179229736
5.083019733428955
5.203653335571289
5.386904239654541
6.087538242340088
5.10762882232666
4.871845722198486
5.219531059265137
5.141951560974121
5.493565559387207
5.619004726409912
5.029933452606201
5.788728713989258
5.426871299743652
4.882908821105957
6.131615161895752
6.139873027801514
5.087754249572754
4.938983917236328
5.949690818786621
6.274878978729248
5.694194316864014
5.204989433288574
6.515948295593262
5.922894477844238
6.149735450744629
5.904317378997803
5.11746072769165
6.092704772949219
5.77165412902832
5.971924304962158
5.547035217285156
5.441701412200928
5.575112819671631
6.467067718505859
4.742486000061035
6.126426696777344
6.010794639587402
5.366720199584961
5.231980800628662
5.089855194091797
5.450618267059326
5.5052595138549805
6.055622100830078
4.896557331085205
5.133154392242432
5.625254154205322
6.082442760467529
5.383150100708008
5.522485733032227
5.025885105133057
5.747039318084717
5.317185401916504
5.9380974769592285
5.8015313148498535
5.768429756164551
5.15477991104126
5.220010757446289
5.268904685974121
6.1207685470581055
5.512712478637695
4.902177810668945
6.028859615325928
5.708698749542236
5.464412689208984
4.949671745300293
5.955362319946289
5.322540283203125
5.4587483406066895
5.408253192901611
4.943521499633789
6.175568580627441
5.236837863922119
6.036828994750977
6.475653171539307
5.351349830627441
5.114240646362305
4.901449203491211
6.005314826965332
5.3297014236450195
6.002501964569092
5.652356147766113
5.731611251831055
5.546524524688721
5.796933650970459
5.34958028793335
6.1191911697387695
5.130495548248291
6.2333598136901855
5.627164840698242
5.077938079833984
5.463166236877441
6.031664848327637
5.80570650100708
5.002929210662842
6.050860404968262
5.063244342803955
5.424373149871826
5.441635608673096
6.505902290344238
5.833193302154541
6.308627128601074
5.345629692077637
5.52424955368042
4.846991539001465
5.064626216888428
5.307614803314209
5.396389484405518
5.9955973625183105
5.7378716468811035
5.3722734451293945
5.321277618408203
5.163912296295166
5.185554027557373
5.336959362030029
6.117747783660889
5.257356643676758
5.9553914070129395
5.278743743896484
6.121774196624756
6.084582328796387
5.358033657073975
6.327308177947998
5.3587470054626465
5.331812381744385
6.0364861488342285
5.677515506744385
5.0565571784973145
5.592539310455322
5.908823490142822
5.894248962402344
5.025176525115967
6.512448787689209
5.857800483703613
6.239577770233154
5.764253616333008
6.146450519561768
5.574226379394531
5.302361965179443
5.390896320343018
5.485083103179932
5.7675371170043945
4.9049811363220215
5.164943218231201
5.157257080078125
5.6470208168029785
5.746099948883057
6.2469916343688965
5.676351547241211
5.807080268859863
5.58402156829834
6.174533367156982
5.403507709503174
5.174891471862793
5.338222503662109
6.402603626251221
5.193873882293701
6.087841033935547
4.9633002281188965
5.198974609375
5.225435256958008
6.290946960449219
5.050885200500488
5.450310707092285
5.162257671356201
5.196897983551025
6.067389488220215
5.879487991333008
5.1019606590271
5.318655014038086
6.160117149353027
5.840816020965576
6.219886302947998
5.990820407867432
5.5613226890563965
6.338672161102295
5.998384475708008
6.288761138916016
5.272224426269531
4.822751998901367
5.925260066986084
5.935888767242432
5.489734172821045
5.1098151206970215
5.402904033660889
5.194425106048584
5.282134532928467
6.150485038757324
5.486631870269775
6.321737289428711
6.296518325805664
6.26228141784668
6.254843235015869
6.14266300201416
5.677715301513672
5.235530853271484
5.553732872009277
6.391964435577393
5.564205646514893
5.072121620178223
5.680670738220215
5.898910045623779
5.415363311767578
6.170748710632324
5.761998653411865
5.363101005554199
5.236832141876221
5.7769341468811035
5.214871883392334
5.296286582946777
5.909698486328125
5.283713340759277
5.858575344085693
4.827714920043945
5.010522365570068
6.1091203689575195
5.119142532348633
6.148416042327881
5.690682411193848
5.5707597732543945
5.446929454803467
5.208280086517334
5.285038471221924
5.954925537109375
4.698358058929443
5.901615619659424
5.454540252685547
6.097340106964111
5.072127342224121
5.219608783721924
5.0082106590271
6.003840446472168
6.095752716064453
5.824120044708252
5.325561046600342
5.974819660186768
5.028942584991455
5.142007350921631
5.465364456176758
5.352516174316406
5.632214546203613
6.1553730964660645
5.184176445007324
6.182477951049805
5.7451324462890625
5.462632179260254
5.245100975036621
5.870151996612549
5.6226019859313965
5.279142379760742
5.094987392425537
5.213364601135254
5.936208724975586
5.194082260131836
5.29923152923584
4.9737749099731445
4.998504638671875
6.30715799331665
5.400916576385498
6.1666178703308105
6.027329921722412
6.483234882354736
6.126521110534668
6.141688823699951
5.730717658996582
6.697406768798828
5.436443328857422
6.109359264373779
5.8696184158325195
5.618611812591553
5.673445224761963
5.600883483886719
5.596215724945068
4.922204494476318
5.518711566925049
4.978311538696289
5.084198951721191
6.131074905395508
5.416338920593262
5.017055511474609
6.237150192260742
5.257363796234131
5.054977893829346
6.004749298095703
5.872218132019043
5.136370658874512
5.172596454620361
5.966604709625244
6.016202449798584
5.140984058380127
5.209918975830078
5.371354103088379
6.473868370056152
6.275989055633545
5.071308612823486
6.017230033874512
4.8839850425720215
5.333813190460205
5.226578712463379
4.9794840812683105
6.274569034576416
5.489912986755371
6.343792915344238
5.880654811859131
5.108921527862549
6.388473987579346
5.729833602905273
5.117880821228027
5.334373474121094
5.220061779022217
5.602933406829834
6.36102294921875
5.89208459854126
5.282604217529297
5.083378314971924
5.063620090484619
5.508014678955078
5.91020393371582
6.37515926361084
5.467062473297119
5.83588171005249
6.552056789398193
5.979437828063965
5.462710857391357
6.028473377227783
5.1301798820495605
5.9357733726501465
5.641613960266113
5.899003028869629
5.586327075958252
5.262320518493652
5.9405364990234375
6.160947799682617
5.23555850982666
4.887941837310791
5.0517802238464355
4.928730487823486
6.182059288024902
