9.495399475097656
9.878931999206543
9.464051246643066
9.61819839477539
9.362039566040039
10.032825469970703
9.452695846557617
9.906631469726562
9.444258689880371
9.585055351257324
9.52603530883789
10.048079490661621
9.897289276123047
9.923556327819824
9.843276977539062
10.041874885559082
9.487663269042969
10.12588119506836
9.434345245361328
9.902824401855469
9.946653366088867
10.012823104858398
9.431814193725586
10.031658172607422
9.438138961791992
9.985108375549316
9.529035568237305
10.06248664855957
9.936917304992676
10.0578031539917
9.272671699523926
9.400103569030762
9.358800888061523
10.071051597595215
10.055707931518555
9.85588550567627
10.083864212036133
9.872245788574219
9.917829513549805
9.310449600219727
9.293012619018555
9.305092811584473
9.262731552124023
9.29554557800293
9.896390914916992
9.322007179260254
9.709324836730957
9.179842948913574
9.681927680969238
9.256315231323242
9.910998344421387
9.206539154052734
9.880823135375977
9.169604301452637
9.831376075744629
9.241010665893555
9.255409240722656
9.37283992767334
9.932907104492188
10.05885124206543
9.325783729553223
9.967155456542969
9.717995643615723
10.026324272155762
9.089825630187988
9.976283073425293
9.143207550048828
9.543723106384277
9.699618339538574
9.085391998291016
9.102925300598145
9.080733299255371
10.080119132995605
9.726346969604492
9.09693431854248
9.07811450958252
8.881911277770996
8.908843994140625
10.036993980407715
8.928821563720703
9.68305492401123
9.717568397521973
9.666547775268555
8.987516403198242
8.880646705627441
8.815058708190918
9.8435640335083
10.005159378051758
9.945517539978027
10.005717277526855
9.60796070098877
9.574172973632812
9.619516372680664
9.569756507873535
8.892210006713867
9.8289794921875
9.03316879272461
8.68062973022461
8.700262069702148
8.688350677490234
9.64449691772461
9.852852821350098
8.721521377563477
9.273842811584473
9.533453941345215
9.81436824798584
8.489676475524902
10.108524322509766
9.762945175170898
9.548815727233887
9.697853088378906
9.947905540466309
9.54102897644043
9.642571449279785
9.582079887390137
8.653878211975098
9.508923530578613
8.727160453796387
8.55776596069336
9.547224998474121
9.96423625946045
8.728522300720215
8.84056568145752
8.537115097045898
8.757597923278809
9.727648735046387
8.670753479003906
9.476503372192383
9.58044719696045
8.815683364868164
9.25490951538086
8.553804397583008
9.592127799987793
9.393692016601562
9.722039222717285
9.470391273498535
8.641931533813477
9.814027786254883
9.44284725189209
9.498088836669922
8.683314323425293
9.270576477050781
8.375733375549316
8.243868827819824
9.990489959716797
9.82679271697998
9.313310623168945
9.712955474853516
9.804588317871094
8.538817405700684
8.384658813476562
9.929444313049316
8.52248764038086
8.591704368591309
8.483047485351562
9.951547622680664
8.470114707946777
8.404219627380371
9.520907402038574
8.573814392089844
8.53598690032959
8.598628044128418
8.539799690246582
9.404204368591309
9.798142433166504
9.583788871765137
8.331579208374023
8.431782722473145
8.435526847839355
9.290595054626465
8.68775749206543
9.692790985107422
10.050180435180664
9.02786636352539
8.332983016967773
9.529865264892578
8.440089225769043
9.571127891540527
9.906217575073242
9.186579704284668
9.451483726501465
8.189374923706055
9.787664413452148
8.205793380737305
9.89557933807373
8.172307968139648
9.368693351745605
9.222369194030762
8.33474349975586
8.436964988708496
9.776237487792969
9.562171936035156
8.171217918395996
9.45058536529541
8.193292617797852
8.362347602844238
9.376066207885742
8.180744171142578
8.30361557006836
8.029047966003418
9.126822471618652
8.019879341125488
8.005441665649414
9.112588882446289
9.287359237670898
9.542998313903809
9.250852584838867
9.304181098937988
8.306500434875488
9.642868041992188
9.057241439819336
8.172677993774414
9.265419006347656
8.314685821533203
8.243754386901855
8.0079927444458
9.212915420532227
8.279521942138672
9.660724639892578
8.049105644226074
8.153762817382812
8.011862754821777
8.062047958374023
8.065180778503418
8.10042667388916
9.417486190795898
9.379372596740723
9.179574012756348
7.936986923217773
9.25462532043457
9.686868667602539
9.716971397399902
8.072820663452148
9.121115684509277
9.668017387390137
7.982111930847168
9.151581764221191
9.780622482299805
9.371323585510254
8.05012035369873
9.281144142150879
8.023256301879883
9.739126205444336
8.073171615600586
9.45435619354248
8.413764953613281
9.273499488830566
9.630867958068848
9.264505386352539
7.923802852630615
9.275375366210938
9.281103134155273
9.055119514465332
9.809488296508789
8.969146728515625
9.25085735321045
8.234583854675293
9.239192008972168
9.478723526000977
7.942877769470215
9.274707794189453
7.981454372406006
7.7465739250183105
9.594407081604004
9.297487258911133
8.030961036682129
8.709856986999512
7.9065680503845215
8.161059379577637
9.127635955810547
8.139091491699219
9.125478744506836
9.187546730041504
8.001577377319336
7.7873311042785645
9.145418167114258
8.974297523498535
8.048563003540039
7.707352638244629
8.127747535705566
9.625860214233398
7.611477851867676
7.983065605163574
8.823691368103027
7.5964131355285645
9.133321762084961
7.990488052368164
8.023296356201172
8.155831336975098
8.81126880645752
7.768272876739502
9.368136405944824
7.9576849937438965
9.164706230163574
7.917407989501953
9.016845703125
7.978890895843506
9.423341751098633
7.614861965179443
8.234575271606445
7.870101451873779
8.076545715332031
8.910536766052246
7.735394477844238
9.167316436767578
9.356582641601562
8.133572578430176
8.958456993103027
7.769933223724365
7.8902153968811035
7.76856803894043
7.885590076446533
7.924233913421631
7.9160990715026855
7.496143341064453
7.554792404174805
7.957540512084961
7.784981727600098
7.968032360076904
9.113611221313477
7.919031620025635
9.495905876159668
7.989233016967773
7.877258777618408
9.570112228393555
7.384435176849365
9.656591415405273
7.693966865539551
7.941201686859131
8.07772159576416
9.489540100097656
8.102449417114258
9.364378929138184
9.595212936401367
9.42825698852539
9.029261589050293
9.41942024230957
7.834671974182129
7.782310485839844
9.245996475219727
9.305325508117676
7.965785980224609
8.013221740722656
9.396488189697266
9.61086654663086
9.58119010925293
9.45151138305664
9.397289276123047
7.799378395080566
8.878107070922852
7.964311599731445
7.6758856773376465
7.825440883636475
9.070906639099121
7.81221866607666
7.846657752990723
7.764383316040039
8.033920288085938
7.904548645019531
9.04055118560791
9.297086715698242
9.301741600036621
8.882932662963867
8.908234596252441
9.328972816467285
9.169260025024414
7.547778129577637
9.149590492248535
8.007038116455078
9.326750755310059
8.81540298461914
8.911547660827637
9.02849292755127
8.92101764678955
9.393486022949219
8.046452522277832
7.813357830047607
9.464030265808105
8.74606990814209
8.874244689941406
9.007267951965332
8.267718315124512
7.762943744659424
8.23596477508545
9.50330638885498
7.891421794891357
8.780599594116211
8.97854232788086
7.51721715927124
9.249330520629883
8.896143913269043
8.991254806518555
8.588907241821289
7.748434066772461
9.06637954711914
7.96876335144043
8.60203742980957
9.336531639099121
8.936312675476074
7.781008720397949
9.3721923828125
9.43099308013916
9.154953002929688
8.871573448181152
7.741755485534668
9.007743835449219
7.960838794708252
9.279541969299316
9.301960945129395
8.04957389831543
7.749054908752441
8.567336082458496
7.639278888702393
7.758233547210693
9.490694999694824
7.786921977996826
9.271821975708008
8.889690399169922
7.704317092895508
7.7594733238220215
7.77486515045166
9.179847717285156
9.259885787963867
8.651878356933594
9.308550834655762
7.7692108154296875
7.740518569946289
8.719860076904297
8.01382827758789
7.790217876434326
7.701355934143066
9.355133056640625
7.1924333572387695
7.919593811035156
7.750051975250244
8.809024810791016
7.951515197753906
7.543407440185547
9.22168254852295
7.704457759857178
7.7223920822143555
8.813488006591797
7.609598636627197
9.043341636657715
7.699594974517822
7.5962629318237305
9.200715065002441
8.99839973449707
7.652322769165039
7.699018955230713
9.196593284606934
8.840928077697754
8.979137420654297
8.982542037963867
8.827964782714844
7.791346073150635
7.689809322357178
9.027776718139648
7.882880687713623
8.721651077270508
9.012743949890137
8.980927467346191
9.1923189163208
9.083776473999023
8.855180740356445
9.228265762329102
7.671581745147705
7.618599891662598
8.482975006103516
7.578041076660156
7.639611721038818
7.8445725440979
9.120240211486816
7.8684282302856445
9.135239601135254
9.119176864624023
9.21171760559082
7.790397644042969
7.747641086578369
8.79065227508545
7.7329607009887695
7.592624187469482
7.932344436645508
7.207969665527344
7.521080017089844
7.7438507080078125
7.832878112792969
8.95737075805664
9.31175422668457
7.800414562225342
7.527439117431641
9.19871711730957
8.928454399108887
9.081513404846191
8.959967613220215
8.97777271270752
7.629087924957275
9.36120319366455
7.453410625457764
7.718947410583496
9.03533935546875
7.577297210693359
7.501608371734619
7.443764686584473
9.234159469604492
7.908895969390869
7.657725811004639
9.190459251403809
7.624205589294434
7.468604564666748
8.887085914611816
7.683956146240234
7.409909725189209
9.17910385131836
7.436237812042236
8.817519187927246
8.997123718261719
9.054144859313965
8.52563762664795
7.62754487991333
9.205728530883789
7.684128761291504
8.913025856018066
7.644961357116699
7.673917293548584
7.648398399353027
7.900901794433594
8.99006175994873
8.71306324005127
8.762934684753418
8.904230117797852
9.354849815368652
7.860324859619141
7.455368518829346
7.328201770782471
8.802001953125
8.579951286315918
7.78697395324707
7.806190013885498
9.303994178771973
7.60447359085083
7.4259352684021
7.625010967254639
9.047200202941895
7.563966751098633
8.907792091369629
9.292634963989258
7.344884395599365
8.486577987670898
7.280493259429932
8.75157356262207
9.107369422912598
8.869729995727539
7.776675701141357
7.664484977722168
8.939022064208984
8.451255798339844
8.616119384765625
8.873406410217285
8.79660415649414
8.582267761230469
9.072345733642578
9.089982986450195
7.743760108947754
7.6105122566223145
7.585205078125
9.002326011657715
9.06399917602539
8.92824935913086
7.354275703430176
7.58842134475708
8.592041015625
7.435024738311768
9.030292510986328
7.26505184173584
8.831269264221191
7.839480876922607
7.586227893829346
8.78410816192627
7.446398735046387
8.798909187316895
7.359961986541748
8.936148643493652
8.884586334228516
7.299396514892578
7.765144348144531
8.93979263305664
8.57679271697998
7.546075344085693
7.3206400871276855
7.437976837158203
7.425186634063721
7.481653690338135
8.776955604553223
7.608969688415527
8.500273704528809
8.332940101623535
7.508831024169922
8.752052307128906
8.646705627441406
7.5112624168396
8.63698673248291
8.829352378845215
7.614010810852051
8.584820747375488
7.60714864730835
9.009554862976074
7.490363121032715
8.770585060119629
7.549438953399658
8.653392791748047
8.709146499633789
8.25531005859375
8.84345817565918
7.539279937744141
8.77966022491455
8.994319915771484
7.552128791809082
7.445138931274414
7.212157249450684
8.684285163879395
7.586254119873047
7.575511455535889
7.674540042877197
7.378231048583984
8.408918380737305
7.2045698165893555
7.172626495361328
8.579753875732422
8.854511260986328
8.488126754760742
7.339932918548584
7.368692398071289
8.83858585357666
7.2734174728393555
8.658982276916504
7.623045444488525
7.2523393630981445
9.021451950073242
7.29608678817749
7.407430171966553
7.671140193939209
7.4264235496521
8.278626441955566
7.413377285003662
8.650103569030762
7.628492832183838
7.288568019866943
8.694144248962402
7.264057159423828
8.724230766296387
8.372659683227539
8.344024658203125
8.874757766723633
7.378317356109619
7.4647040367126465
8.11380386352539
7.2432861328125
8.614039421081543
7.358043670654297
7.7574005126953125
7.266376972198486
7.372642517089844
7.2556328773498535
8.772078514099121
7.300583839416504
7.5657196044921875
7.061492919921875
7.396454811096191
8.558492660522461
7.237323760986328
7.122533798217773
7.085079669952393
7.003475189208984
8.876091003417969
8.733742713928223
8.62292194366455
8.202917098999023
7.411849498748779
8.820995330810547
7.174267292022705
9.081329345703125
7.369333267211914
6.883889675140381
8.603044509887695
7.262770652770996
7.1103715896606445
8.529443740844727
6.986378192901611
7.398944854736328
7.055985450744629
7.19016695022583
8.656752586364746
8.868986129760742
8.630642890930176
8.252328872680664
7.027219772338867
8.393239974975586
8.575920104980469
8.425848007202148
8.27823543548584
7.251644611358643
7.348629951477051
8.534405708312988
8.412874221801758
7.685182094573975
7.138549327850342
7.279995441436768
8.763212203979492
7.22641134262085
8.499503135681152
7.125946998596191
7.100347518920898
7.245518684387207
7.192680835723877
8.727407455444336
6.988140106201172
8.901427268981934
8.506312370300293
8.756961822509766
8.518294334411621
8.335968017578125
7.373807430267334
7.05003547668457
7.342771530151367
8.116601943969727
8.588561058044434
8.395919799804688
8.015936851501465
6.999240398406982
8.350642204284668
8.449139595031738
8.487106323242188
7.227176189422607
8.272082328796387
8.414502143859863
8.466459274291992
7.286993980407715
8.538302421569824
7.257259845733643
8.604606628417969
8.48649787902832
8.354445457458496
8.398622512817383
7.289292812347412
7.328498840332031
8.52121639251709
8.652239799499512
7.136528968811035
7.4380879402160645
7.089437961578369
8.582847595214844
7.75969123840332
8.650866508483887
6.945784568786621
7.116034984588623
8.59342098236084
6.9089202880859375
8.00216293334961
8.239752769470215
7.295036315917969
7.116422653198242
6.920320987701416
6.821739673614502
7.437696933746338
7.231085777282715
7.185655117034912
6.833643436431885
8.575236320495605
7.015913486480713
6.937265396118164
7.191115379333496
8.438530921936035
8.143373489379883
7.986398220062256
7.056954860687256
8.100825309753418
7.24119234085083
8.705242156982422
7.29650354385376
8.34051513671875
8.356302261352539
7.992646217346191
7.281879901885986
7.170373439788818
7.226341247558594
6.945648193359375
7.165386199951172
7.281937122344971
6.8282551765441895
7.211057662963867
6.938457489013672
8.101860046386719
7.04822301864624
7.192140102386475
7.111536979675293
8.324386596679688
7.136663436889648
6.422095775604248
6.902745246887207
7.22447395324707
8.631953239440918
7.158322811126709
6.825450897216797
8.200981140136719
7.191889762878418
6.954291820526123
6.967438697814941
7.2291035652160645
8.336318016052246
8.215234756469727
8.117798805236816
8.275053977966309
7.961856842041016
7.311546802520752
7.973803520202637
7.3990936279296875
8.000614166259766
8.023961067199707
6.9203081130981445
6.983877182006836
6.8603363037109375
6.948379993438721
7.080860614776611
6.995028972625732
7.064152717590332
6.874907970428467
8.224915504455566
6.749561309814453
6.999210357666016
7.1947479248046875
8.103668212890625
8.196352005004883
7.927069664001465
7.760533809661865
7.917327404022217
8.518136024475098
8.459108352661133
8.187743186950684
7.012471675872803
7.880863189697266
8.194572448730469
8.193367958068848
7.104310035705566
7.896667957305908
7.871387004852295
7.275866985321045
7.220099449157715
8.461124420166016
7.699885368347168
6.622962474822998
6.96879243850708
6.803647994995117
8.04927921295166
7.879559516906738
6.504306793212891
8.399686813354492
6.864285469055176
6.99096155166626
6.6901726722717285
6.766077518463135
8.124190330505371
8.038100242614746
8.092873573303223
7.093142032623291
8.351126670837402
6.259732723236084
7.888757705688477
8.313339233398438
8.105184555053711
6.535038471221924
7.7850236892700195
7.03807258605957
6.956497669219971
6.615412712097168
8.22225284576416
6.828012943267822
8.22918701171875
8.246734619140625
6.777327537536621
6.995149612426758
6.237060546875
8.07141399383545
7.981318950653076
8.163381576538086
8.252141952514648
6.325907230377197
7.005441665649414
8.182580947875977
6.618791103363037
8.035027503967285
7.720242023468018
7.941396236419678
7.982231616973877
7.798501491546631
7.1485466957092285
6.793669700622559
6.909393310546875
8.073840141296387
7.94935417175293
7.842545986175537
7.797430515289307
6.786866664886475
7.114937782287598
7.014594078063965
7.852320194244385
7.627829551696777
6.791197299957275
6.801403522491455
8.279891014099121
8.069266319274902
8.094953536987305
6.580061435699463
6.614330291748047
7.848368167877197
6.251071929931641
7.711004734039307
7.7447381019592285
7.88330078125
6.814858913421631
6.994295597076416
6.589433670043945
8.011073112487793
6.6512956619262695
6.674816608428955
7.8491950035095215
7.894053936004639
8.05033016204834
7.328070163726807
7.246363162994385
6.9098968505859375
7.755464553833008
8.250951766967773
7.91864013671875
6.802671432495117
6.9416656494140625
7.635472774505615
7.764667510986328
7.762567520141602
6.458885192871094
6.993950366973877
7.691775321960449
7.658405780792236
6.468661785125732
7.801435947418213
7.861639499664307
7.92832088470459
6.395650863647461
6.626163482666016
8.107952117919922
7.964728832244873
7.948874473571777
6.694544315338135
6.631842136383057
8.095348358154297
7.9200825691223145
8.2311372756958
6.815483093261719
7.96750545501709
6.863321781158447
7.877833843231201
6.731955528259277
6.6103057861328125
6.708523750305176
7.930210590362549
7.749011516571045
6.511742115020752
7.5082221031188965
8.10351276397705
7.71638822555542
8.081140518188477
7.625239372253418
6.5416998863220215
6.6180219650268555
7.383509635925293
7.369553089141846
6.614256381988525
7.890519142150879
6.706463813781738
6.720811367034912
6.97252082824707
6.684389591217041
6.942117214202881
6.567545413970947
6.694679260253906
6.517441272735596
6.9482574462890625
7.607192039489746
7.523144721984863
6.700350284576416
6.659782886505127
7.006662368774414
7.97054386138916
7.45794677734375
7.3124213218688965
7.553742408752441
7.2976975440979
6.624539375305176
7.101712703704834
7.9503889083862305
6.607848644256592
7.6786017417907715
6.315612316131592
7.600486755371094
7.069246768951416
7.79063081741333
6.689718723297119
7.594123840332031
6.347379207611084
6.997797966003418
6.72799015045166
6.50309944152832
6.59096097946167
7.904022693634033
6.822633743286133
7.871427059173584
6.557305335998535
6.6780104637146
7.3081536293029785
7.385395526885986
6.718430042266846
6.644789218902588
6.348841190338135
7.668810844421387
6.571824073791504
6.166922092437744
6.68972635269165
7.662322044372559
7.017564296722412
7.798833847045898
7.827653408050537
7.381373882293701
7.488158702850342
6.554725170135498
6.396207809448242
6.621905326843262
7.732244491577148
7.317439556121826
6.138981342315674
6.81752347946167
6.4624714851379395
6.188176155090332
7.660391807556152
6.3802618980407715
7.602120399475098
7.675567150115967
6.5103325843811035
6.63401460647583
7.693194389343262
7.716428756713867
6.5965375900268555
6.611079216003418
6.2729878425598145
7.372847557067871
6.710817337036133
7.153676986694336
7.202127456665039
6.447009563446045
7.818220138549805
6.43655252456665
7.471109390258789
7.738996982574463
7.663273811340332
7.29237174987793
7.22760009765625
7.780131816864014
6.2708353996276855
6.379316329956055
7.347250938415527
7.7837629318237305
6.3334784507751465
7.272735595703125
6.246151924133301
7.150649070739746
6.10165548324585
6.1084303855896
7.348023891448975
6.792803764343262
7.597075939178467
7.260025978088379
7.436535835266113
7.523596286773682
7.3154754638671875
7.660689830780029
6.669295787811279
7.047453880310059
7.74114465713501
7.310315132141113
6.378625869750977
7.444705486297607
7.147106170654297
6.077173709869385
6.604271411895752
7.286438941955566
6.638982772827148
6.342011451721191
6.6098175048828125
7.408397674560547
6.289676666259766
7.118661403656006
6.556820392608643
6.413374423980713
7.3933000564575195
6.045627593994141
6.596099853515625
7.028175354003906
7.63003396987915
6.313028812408447
7.367930889129639
7.166121006011963
6.218071937561035
7.395441055297852
7.375638008117676
7.354287624359131
7.129332065582275
6.390679359436035
7.4847893714904785
6.4220452308654785
7.734612941741943
7.38249397277832
6.401096343994141
7.341319561004639
7.764459609985352
7.377142906188965
7.699734210968018
7.518413066864014
6.340913772583008
6.553231716156006
6.537565231323242
7.5078935623168945
6.373770236968994
6.332948207855225
6.070688247680664
7.179080009460449
6.275471210479736
7.008569717407227
7.431941032409668
7.165761470794678
6.232933044433594
6.3781561851501465
7.640635013580322
7.456778526306152
6.519640922546387
6.591980934143066
7.6512274742126465
6.371656894683838
7.43611478805542
6.139206409454346
6.18452787399292
6.705076694488525
6.362896919250488
6.0832200050354
7.607473373413086
7.413057804107666
6.485355377197266
7.119393825531006
6.463636875152588
7.621026515960693
6.319296836853027
6.345535755157471
6.495074272155762
7.27647590637207
6.221714019775391
6.2246928215026855
7.250053405761719
7.641226291656494
7.01359748840332
6.520483016967773
6.5416646003723145
6.203921318054199
5.7328104972839355
7.293337821960449
7.567923545837402
5.92446756362915
7.520708084106445
6.435207366943359
7.634222030639648
6.322404384613037
6.286334991455078
6.9234089851379395
6.452791213989258
6.24655818939209
5.901272296905518
7.233312129974365
6.169069290161133
6.273190975189209
6.938735485076904
6.010012626647949
6.311673641204834
6.206981182098389
7.58323335647583
7.168318271636963
6.035708427429199
6.012606620788574
6.31535005569458
7.274460792541504
7.790876865386963
6.001848220825195
6.3041911125183105
7.292316436767578
6.150542259216309
6.208723068237305
7.23267936706543
6.436738014221191
6.014828205108643
7.147976875305176
6.158019542694092
7.521632194519043
7.506341457366943
6.405708312988281
6.147353172302246
6.180612087249756
6.296483516693115
6.279024600982666
6.253194332122803
6.3533782958984375
6.333852291107178
7.164332866668701
6.220381736755371
6.199971675872803
6.461881637573242
6.467520713806152
7.328141212463379
7.0304059982299805
6.378304958343506
7.53587007522583
6.489730358123779
7.106372833251953
5.943670272827148
6.945788383483887
6.135925769805908
5.707241058349609
7.490790367126465
6.536746978759766
5.933947563171387
7.323036193847656
7.172520637512207
5.929011821746826
7.332100868225098
6.147542953491211
7.069644451141357
5.910501003265381
7.483291149139404
7.3308515548706055
6.25034761428833
6.911433696746826
7.57809591293335
6.192906856536865
7.126187801361084
6.410449504852295
6.287349700927734
6.005630970001221
5.905426025390625
5.785476207733154
6.9632649421691895
7.094388008117676
6.502579212188721
6.195520401000977
6.150882720947266
7.001471996307373
6.1871466636657715
6.708253383636475
5.967288970947266
6.273327827453613
6.048786163330078
6.949771404266357
6.994874954223633
7.019085884094238
7.28087854385376
5.750711917877197
6.267125129699707
6.95838737487793
6.891250133514404
7.247371196746826
6.767738342285156
7.002452373504639
6.063172817230225
7.185274124145508
6.22707986831665
5.818727493286133
6.006835460662842
6.006105899810791
7.396295070648193
6.919218063354492
6.084712982177734
6.106654644012451
7.351630687713623
5.988881587982178
6.276259422302246
6.061554431915283
5.994887351989746
7.250932216644287
7.099051475524902
6.849169731140137
6.271412372589111
6.955190181732178
6.164918899536133
5.973363399505615
7.167757511138916
6.17333984375
6.9542670249938965
6.167457103729248
6.644432544708252
6.821948051452637
7.069249629974365
5.973931312561035
5.669650077819824
7.457089424133301
6.033806800842285
6.154335021972656
6.3949198722839355
7.086060523986816
6.849417686462402
6.291213035583496
7.208441734313965
7.150722503662109
7.179015159606934
5.95595645904541
5.862984657287598
5.73505163192749
6.722760200500488
6.146046161651611
5.869085788726807
6.175365447998047
7.2288360595703125
5.93118143081665
6.925387382507324
6.062990665435791
6.169841289520264
6.356853485107422
6.073267936706543
5.944107532501221
5.891785144805908
5.761341094970703
5.7314982414245605
6.250327110290527
7.161827564239502
5.820050239562988
6.086761474609375
6.262879848480225
5.8048882484436035
5.61637020111084
6.821862697601318
6.091064453125
6.039995193481445
5.920577526092529
6.787893295288086
5.964493751525879
5.627928256988525
5.946749210357666
7.013214111328125
6.942748069763184
7.280893802642822
6.5944719314575195
7.192839622497559
6.884423732757568
7.0098700523376465
6.07593297958374
7.253220558166504
7.1661858558654785
6.097984313964844
5.939178466796875
6.795363903045654
6.674360752105713
6.897960662841797
5.582717418670654
6.888922691345215
6.994080066680908
6.538466453552246
5.6552734375
5.979970455169678
6.699272155761719
7.3393425941467285
5.794630527496338
6.678269386291504
5.837657928466797
6.924254417419434
6.107541561126709
5.851232051849365
5.740804672241211
6.786004543304443
6.776677131652832
6.7638654708862305
7.172377109527588
6.813832759857178
6.9537739753723145
6.750948429107666
7.062376976013184
6.990482807159424
5.6488752365112305
6.515120506286621
6.814785480499268
6.060357570648193
5.921510696411133
6.294218063354492
7.024288654327393
6.91152286529541
5.852897644042969
5.726582050323486
6.885209083557129
7.303668975830078
5.653458118438721
5.668882846832275
6.830740451812744
5.613029479980469
5.789176940917969
5.6281538009643555
6.742717742919922
5.904092788696289
6.2548298835754395
6.948610305786133
5.9732794761657715
6.589595794677734
5.751437664031982
5.919384956359863
6.787966728210449
5.772277355194092
6.611934185028076
6.268179416656494
5.760219573974609
6.439420700073242
5.8726654052734375
7.1142730712890625
6.916830539703369
6.639486312866211
6.132394790649414
6.5447564125061035
6.534387588500977
5.843231678009033
5.490203380584717
7.241124629974365
6.9092583656311035
5.886544704437256
5.844752788543701
6.653355121612549
5.600964069366455
6.810076713562012
6.494590759277344
7.024000644683838
6.435307025909424
6.810847282409668
6.92098331451416
6.412103176116943
5.7259626388549805
6.887725830078125
5.972595691680908
5.7217230796813965
5.969334125518799
7.196122169494629
6.072771072387695
6.893341541290283
5.501049518585205
5.7680745124816895
5.758500099182129
6.964404106140137
6.535468101501465
5.6526079177856445
6.9293060302734375
6.671371936798096
5.650944232940674
5.48199987411499
6.92740535736084
7.026711463928223
5.5360002517700195
6.894592761993408
5.768405437469482
5.641374588012695
6.499844074249268
5.788069248199463
5.7659783363342285
5.5463738441467285
5.8516082763671875
6.42603063583374
6.803614616394043
6.059793472290039
5.698220729827881
5.7728400230407715
6.023577690124512
6.427511692047119
5.683154106140137
6.792843818664551
5.669989109039307
5.855316638946533
6.719035625457764
6.537481784820557
6.609376907348633
5.915494918823242
5.989775657653809
5.482105255126953
6.282478332519531
6.748865127563477
6.30013370513916
7.040459632873535
5.541837692260742
6.641791343688965
6.942928314208984
5.807460308074951
5.785189151763916
5.8752827644348145
6.334641456604004
5.951247692108154
5.666162490844727
5.597239971160889
5.656738758087158
6.361955165863037
6.6365275382995605
6.909063339233398
6.289765357971191
5.764718055725098
5.448107719421387
6.377800941467285
7.2907395362854
6.67795467376709
5.842734336853027
5.4240217208862305
6.0150909423828125
5.990583896636963
6.952443599700928
5.486999034881592
6.355751991271973
5.522205829620361
5.9094624519348145
5.801223278045654
5.676076412200928
7.017543792724609
6.420429229736328
5.974371910095215
5.793814182281494
6.439797401428223
5.535343170166016
6.383294582366943
6.793129920959473
5.673260688781738
5.591475486755371
5.784619331359863
6.518801212310791
5.872879505157471
5.596138000488281
6.28357458114624
6.607945442199707
5.670135974884033
6.865515232086182
6.794208526611328
5.78801155090332
6.903808116912842
5.699752330780029
6.9150071144104
5.646252632141113
6.117644786834717
6.136577129364014
5.7401323318481445
6.6140522956848145
6.4655232429504395
6.082639694213867
5.729447841644287
6.4132890701293945
5.740510940551758
6.877313613891602
6.185544490814209
6.389778137207031
6.307527542114258
5.3881001472473145
6.713280200958252
6.593011379241943
6.852161407470703
6.67328405380249
6.736328601837158
5.639413356781006
6.624186992645264
5.640948295593262
5.619297027587891
6.410956382751465
5.825802326202393
6.170803070068359
7.371115207672119
6.320742130279541
6.9949846267700195
5.274355411529541
6.652322292327881
5.671788215637207
6.795858860015869
5.271786212921143
5.67055082321167
5.990189552307129
6.280333518981934
7.163841247558594
5.588037490844727
5.9774699211120605
5.376916408538818
6.725587368011475
6.685375213623047
5.8018999099731445
5.601183891296387
5.289155960083008
5.633642196655273
6.4410600662231445
5.464523792266846
6.700644493103027
6.609171390533447
6.691347122192383
6.77444314956665
6.814969062805176
7.057269096374512
6.513764381408691
5.6747517585754395
5.552463531494141
6.272485256195068
5.379891395568848
6.160625457763672
5.725148677825928
6.068559646606445
5.85847806930542
5.385599136352539
5.670854568481445
6.292856693267822
6.495371341705322
6.7124409675598145
5.856705188751221
6.8520612716674805
6.222103595733643
6.196329116821289
6.5854411125183105
5.420608997344971
5.795755386352539
5.917651176452637
5.547403812408447
5.9252400398254395
7.002847671508789
5.734866142272949
5.217136383056641
6.727980613708496
6.978157997131348
6.513774394989014
6.768101215362549
6.396785736083984
5.610835075378418
7.165896415710449
5.454894065856934
6.142136573791504
5.689448833465576
6.775728225708008
6.335385322570801
5.324502944946289
6.546114921569824
6.596319198608398
6.225643157958984
5.607220649719238
5.749252796173096
6.953827857971191
5.630460262298584
6.905946254730225
5.382517337799072
5.909862995147705
7.329873085021973
6.671750545501709
6.132239818572998
5.521368980407715
6.296963214874268
6.949685096740723
5.369948863983154
6.369871139526367
5.407332897186279
6.505147457122803
6.58477258682251
5.249416828155518
5.581190586090088
6.558770179748535
6.5341315269470215
6.955193996429443
6.1837310791015625
5.286946773529053
5.52621603012085
7.271265983581543
6.837148666381836
6.437076091766357
5.763432502746582
5.476591110229492
6.390103340148926
6.6467695236206055
5.753851413726807
5.57185173034668
5.3492608070373535
5.5201029777526855
6.828821182250977
5.384491443634033
6.792149066925049
5.540693759918213
5.529384613037109
6.698902130126953
6.690803527832031
6.3139238357543945
5.349659442901611
5.579444885253906
5.831376552581787
6.615364074707031
5.9900007247924805
5.663130283355713
5.352547645568848
6.5376410484313965
5.770642280578613
6.336493492126465
6.539295673370361
6.826345443725586
6.495419979095459
5.5178914070129395
6.718855857849121
5.360423564910889
5.864703178405762
6.289858341217041
6.566159725189209
6.175498962402344
5.361733436584473
4.9782633781433105
5.70158576965332
6.896332263946533
5.3767547607421875
6.598313331604004
6.490942478179932
5.504106521606445
6.6738667488098145
6.448402404785156
6.378031253814697
5.4173994064331055
5.516590118408203
5.639812469482422
6.544408321380615
5.561788082122803
5.781200885772705
5.526763439178467
5.553229331970215
6.593732833862305
6.0351176261901855
5.562716484069824
5.3993754386901855
5.691559314727783
5.593698024749756
5.5748724937438965
5.306777477264404
5.534162521362305
6.8885579109191895
6.750186443328857
6.354250907897949
5.737512111663818
6.387545108795166
6.275733947753906
5.624544620513916
5.831481456756592
5.258553504943848
5.559018611907959
7.026917934417725
6.548872470855713
5.470069885253906
5.9026570320129395
5.608998775482178
5.257598400115967
5.272989273071289
6.338750839233398
6.0130181312561035
5.423681259155273
6.798260688781738
5.636042594909668
6.0639166831970215
5.526601314544678
5.389211654663086
5.405314922332764
5.4568047523498535
5.643494606018066
5.580127716064453
5.619417667388916
6.535667896270752
6.616742134094238
5.520576477050781
5.43885612487793
5.23483943939209
5.620370864868164
5.5826311111450195
6.5276079177856445
6.551806449890137
5.831217288970947
5.422967910766602
5.580141067504883
5.418519020080566
6.547031879425049
5.7000508308410645
6.7242913246154785
5.5164031982421875
5.508120059967041
5.505040168762207
5.2217183113098145
5.7099504470825195
6.823505401611328
5.96497106552124
6.688899993896484
6.929925918579102
6.2349348068237305
5.554014682769775
5.969412326812744
6.585972785949707
6.647895812988281
5.241439342498779
6.195092678070068
5.303300857543945
6.435627460479736
6.801629066467285
5.774847030639648
5.792421817779541
5.496062755584717
5.417795181274414
5.429576396942139
6.293063640594482
5.121785640716553
6.475119113922119
5.415496826171875
6.061824798583984
5.923554420471191
6.438356399536133
6.605165004730225
5.088751316070557
6.475811958312988
5.280163764953613
5.1998209953308105
6.322290420532227
5.724377632141113
6.358633518218994
6.5082268714904785
5.72072172164917
5.116274356842041
5.612600326538086
5.804254531860352
5.619132041931152
5.5588908195495605
5.943873882293701
6.192939758300781
6.0984296798706055
5.392847061157227
6.1186065673828125
6.041654109954834
5.636234283447266
5.371410846710205
6.054780960083008
5.639596939086914
6.644591331481934
6.58556604385376
6.660149097442627
5.161272048950195
6.642792224884033
5.3866095542907715
5.3816938400268555
5.482531547546387
5.2633867263793945
6.4478759765625
5.752394676208496
6.792895793914795
6.509178638458252
6.113496780395508
5.288158893585205
6.8292622566223145
5.648248195648193
5.894227981567383
5.4009881019592285
6.228353023529053
6.004392147064209
6.456570148468018
5.433229446411133
6.727108001708984
6.003268718719482
5.778100490570068
5.345046520233154
5.866007328033447
6.035196781158447
6.576511383056641
5.460768222808838
6.704623699188232
6.028604984283447
5.381077766418457
6.486676216125488
5.446256637573242
6.036128520965576
4.974513053894043
6.185667514801025
6.177139759063721
5.581445693969727
6.572039604187012
5.657163619995117
6.504780292510986
5.359769344329834
6.330058574676514
6.4273681640625
5.56828498840332
5.27755069732666
5.545594692230225
5.35305118560791
6.396432876586914
6.146799087524414
5.373322010040283
6.437971591949463
5.807266712188721
6.628627300262451
5.280229091644287
5.70180082321167
5.9382195472717285
5.576077938079834
6.542917728424072
5.569444179534912
5.957491397857666
5.850378036499023
5.670888900756836
6.534657001495361
6.183773040771484
5.363851547241211
6.324596881866455
5.734215259552002
6.217970848083496
5.545568943023682
5.391335964202881
5.528862476348877
6.229290008544922
5.932082176208496
5.2542805671691895
5.217480659484863
5.431042671203613
5.476865291595459
5.1703338623046875
5.466670036315918
5.708138465881348
6.067836761474609
5.175923824310303
6.592566013336182
6.261002063751221
5.2608819007873535
5.411808013916016
5.602038383483887
6.647521018981934
6.50775146484375
5.206049919128418
5.613033771514893
5.355645179748535
5.552225589752197
6.627777576446533
5.526777267456055
5.165043830871582
5.338916778564453
5.635406494140625
5.1309051513671875
6.202348232269287
6.086019039154053
5.72527551651001
5.334697723388672
6.1963300704956055
5.2313408851623535
5.211893558502197
6.6086907386779785
6.527952194213867
6.379404544830322
6.263731956481934
5.916609287261963
5.894163608551025
5.544393539428711
5.681220054626465
6.378790855407715
5.393387317657471
6.365634918212891
6.3948493003845215
5.431725025177002
5.048802852630615
5.409531593322754
6.30701208114624
5.418010234832764
6.298502445220947
5.660114288330078
4.888517379760742
6.140678405761719
5.247427940368652
6.30372428894043
6.205930709838867
5.7761030197143555
5.696477890014648
5.775426864624023
6.769074440002441
5.426470756530762
6.034611225128174
6.590219974517822
5.603261470794678
6.099645614624023
5.638509273529053
5.914831638336182
5.352384567260742
5.934919834136963
5.928044319152832
5.350893974304199
5.5677642822265625
6.1918463706970215
5.234476089477539
5.447947025299072
6.10807466506958
6.425144672393799
6.4737701416015625
5.611356735229492
5.837627410888672
5.551786422729492
5.4757399559021
5.311264991760254
6.097634792327881
6.0651445388793945
5.387969017028809
5.266165256500244
6.867271900177002
6.653035640716553
5.7325944900512695
5.9002766609191895
5.449505805969238
5.575446128845215
5.45637845993042
5.475715637207031
6.525760650634766
6.365578651428223
6.36820650100708
5.6185126304626465
6.156169891357422
6.209974765777588
5.790907859802246
6.372038841247559
5.6135382652282715
6.425407886505127
5.2118730545043945
5.541867733001709
6.419986248016357
5.346029281616211
5.577334403991699
6.532036781311035
6.17658805847168
5.845507621765137
5.983724594116211
5.551695823669434
6.339153289794922
6.162686824798584
6.376025199890137
6.574851036071777
5.857917308807373
6.252965450286865
6.26166296005249
5.87623929977417
5.773812294006348
6.1298747062683105
5.318090438842773
6.527963161468506
5.277373790740967
5.398326396942139
5.866421222686768
6.059507846832275
6.377049446105957
5.489737510681152
5.243696689605713
5.345345973968506
6.844806671142578
5.378328323364258
6.5191650390625
5.8015265464782715
5.298110008239746
5.665349960327148
5.571854114532471
5.378807067871094
6.167088031768799
6.521509647369385
5.5062689781188965
5.400230884552002
5.488642692565918
6.399212837219238
6.024573802947998
6.208588123321533
5.597055435180664
5.209176063537598
6.33873176574707
6.156094074249268
6.129736423492432
5.637763977050781
6.333200454711914
6.472937107086182
5.620510101318359
5.682535171508789
6.306332588195801
5.569980144500732
5.11217737197876
6.1692681312561035
4.782313823699951
5.6759419441223145
5.1633405685424805
5.836032390594482
6.55884313583374
5.083954334259033
5.042845249176025
5.25554084777832
5.8158159255981445
5.022475242614746
6.441802978515625
6.180431365966797
6.349105358123779
5.112981796264648
6.142824172973633
5.679166316986084
5.149815559387207
5.446181774139404
5.668532371520996
5.0506272315979
6.04036283493042
6.32669734954834
6.670301914215088
6.473242282867432
5.513498783111572
6.024684906005859
5.853429317474365
5.584066867828369
5.944499969482422
5.72325325012207
5.502303123474121
4.9860429763793945
4.939498424530029
6.315410137176514
6.349085807800293
5.966397285461426
5.403520584106445
5.417425155639648
6.452706813812256
6.365362644195557
5.224573135375977
6.121686935424805
6.20657205581665
5.317458629608154
5.717670440673828
6.308651447296143
5.345251560211182
5.611858367919922
5.935287952423096
5.947085380554199
5.482050895690918
5.320255756378174
5.073271751403809
5.268198490142822
5.611494541168213
6.272615432739258
6.200444221496582
5.1162333488464355
6.584672927856445
6.098905086517334
5.337244510650635
5.7429728507995605
4.794724464416504
5.354200839996338
6.295026779174805
5.097066879272461
5.391881942749023
6.122185707092285
5.474696159362793
5.464157581329346
5.4649739265441895
6.201623916625977
5.447885513305664
6.3248701095581055
6.044929027557373
5.495444297790527
5.363044261932373
5.437509059906006
5.28582239151001
4.958209991455078
6.161991596221924
5.374429225921631
5.735356330871582
5.349382400512695
5.336885929107666
5.271263122558594
5.250354766845703
5.27557373046875
5.62718391418457
5.247276782989502
5.813408374786377
5.542441368103027
5.440060138702393
5.189991474151611
5.932621955871582
4.996242523193359
5.5672712326049805
5.825968265533447
4.92271089553833
5.543813705444336
5.612608432769775
6.000942707061768
6.009305477142334
5.447762966156006
5.7826738357543945
5.1067399978637695
6.002962589263916
5.349938869476318
5.5309906005859375
6.282962322235107
5.351728916168213
5.141232967376709
6.418036937713623
4.844271183013916
5.336327075958252
6.021364212036133
5.212462902069092
5.504960060119629
5.663380146026611
6.358057975769043
5.693576335906982
5.682034492492676
6.53362512588501
6.149445056915283
5.585077285766602
5.28292179107666
5.553421497344971
6.454479694366455
5.4797892570495605
5.344742774963379
6.0477213859558105
6.179421901702881
5.670622825622559
5.419063568115234
6.27742338180542
5.205284595489502
6.590439319610596
6.250276565551758
5.3224077224731445
5.729437351226807
6.131805419921875
4.988765239715576
5.295344829559326
5.554876804351807
6.122632026672363
4.9582839012146
6.589783668518066
6.04321813583374
5.221068859100342
5.237102031707764
5.239144802093506
6.213296413421631
5.52660608291626
5.277009010314941
5.482650279998779
5.099243640899658
4.822164058685303
6.068909168243408
5.172298431396484
5.312219142913818
5.519961357116699
7.060887813568115
6.138583660125732
6.044243812561035
6.222327709197998
5.158751010894775
6.308705806732178
6.038732051849365
5.961498260498047
6.072916507720947
5.339327335357666
5.1050190925598145
6.180429935455322
5.896111488342285
5.434911727905273
6.1181111335754395
5.60178279876709
5.562952995300293
6.029271602630615
5.277344226837158
6.073922157287598
6.191465377807617
5.301233291625977
5.3794169425964355
6.129745006561279
5.410560131072998
6.45358419418335
5.425583362579346
6.181305408477783
5.839134216308594
5.28095817565918
5.375555515289307
6.0866241455078125
5.453793048858643
5.203517913818359
5.491849422454834
6.475720405578613
5.295418739318848
5.568383693695068
5.418295383453369
5.464029312133789
6.176314830780029
6.263418674468994
5.2925286293029785
6.344931602478027
5.021054744720459
5.72743034362793
5.555222034454346
5.432600975036621
5.164828777313232
5.509609699249268
6.3261518478393555
5.328403949737549
5.371534824371338
5.391981601715088
5.699700355529785
5.832685470581055
5.0063581466674805
5.135970115661621
5.4833083152771
5.647031307220459
6.179860591888428
6.443309307098389
6.361395835876465
5.1791276931762695
6.297397136688232
6.3408331871032715
5.335662841796875
6.091022491455078
5.809426307678223
5.522998809814453
6.1973371505737305
6.202178478240967
6.439638614654541
5.580348491668701
5.554252624511719
6.152334213256836
6.16844367980957
5.190188884735107
6.3316450119018555
5.266858100891113
5.833426475524902
6.418824195861816
6.455856800079346
5.287229061126709
6.215637683868408
6.4485626220703125
5.050064563751221
6.346360206604004
6.514718532562256
5.911449909210205
6.103505611419678
5.841706275939941
5.191501617431641
6.459888458251953
6.1868133544921875
5.962089538574219
5.078427791595459
5.485933303833008
6.207526683807373
5.422584533691406
5.616311073303223
6.377963066101074
5.292623043060303
5.22781229019165
5.9829182624816895
5.216610908508301
5.1937103271484375
5.936071395874023
5.881547451019287
6.077729225158691
6.148416042327881
5.254258632659912
5.24508810043335
5.851126194000244
5.676265716552734
4.948534965515137
5.68312931060791
5.2702789306640625
5.774060249328613
5.370639324188232
5.57953405380249
5.3692803382873535
5.549536228179932
6.3301167488098145
5.864569187164307
4.955399036407471
5.9801225662231445
5.926095008850098
6.383927345275879
6.269493103027344
6.1526923179626465
5.567643642425537
4.955732822418213
5.3680901527404785
6.085395812988281
6.183270454406738
5.474584579467773
6.212122440338135
5.395865440368652
5.522619724273682
5.7280473709106445
5.785441875457764
5.2217230796813965
5.231829643249512
5.004974842071533
5.727100372314453
5.365924835205078
5.333822727203369
5.271242141723633
6.350341796875
6.067181587219238
5.966379165649414
5.184891223907471
5.963035583496094
6.373993873596191
5.378635883331299
6.494966506958008
5.276918888092041
6.2267022132873535
5.712597370147705
5.163468837738037
5.512506484985352
5.556851387023926
4.965188980102539
5.470526218414307
6.505964279174805
6.340879917144775
5.7887654304504395
6.954843044281006
5.610522270202637
5.207583427429199
5.088932037353516
5.066705226898193
6.033376216888428
6.140340805053711
5.950250625610352
5.44219446182251
6.217799663543701
5.54349946975708
5.79859733581543
5.653046131134033
5.216484546661377
6.184844493865967
5.986693859100342
5.638645648956299
5.727890491485596
5.381774425506592
6.285095691680908
5.395297050476074
6.464550971984863
6.064947605133057
5.91328239440918
5.154523849487305
5.21226692199707
5.823563098907471
6.0758490562438965
5.031239032745361
5.424757957458496
5.517985820770264
6.2575602531433105
6.193021774291992
6.361571788787842
4.872280120849609
6.178426742553711
5.9332709312438965
6.220158100128174
5.465977191925049
5.093911647796631
5.040836811065674
5.292922496795654
5.574926376342773
5.599522113800049
6.439682483673096
6.86726188659668
5.168353080749512
5.158970355987549
5.408596992492676
4.98021936416626
5.454984188079834
5.983394145965576
5.052644729614258
5.892450332641602
6.128896236419678
5.4754157066345215
5.924917697906494
6.154186725616455
5.430462837219238
5.294588565826416
6.1084794998168945
6.197782516479492
5.841070175170898
6.172794818878174
6.5340962409973145
5.2454400062561035
6.1301493644714355
5.892241477966309
6.389240264892578
6.129213809967041
5.352797031402588
5.524208068847656
6.532675743103027
5.148214340209961
5.118639945983887
5.113814353942871
5.266880512237549
6.028712272644043
6.0236124992370605
6.0033979415893555
5.579226493835449
5.7873334884643555
5.956113815307617
6.177599906921387
5.088647365570068
6.172039031982422
6.232015609741211
6.246352672576904
5.385903358459473
6.1809868812561035
5.32908296585083
6.3690314292907715
6.19342565536499
5.304748058319092
5.741480350494385
5.228237628936768
6.098720550537109
6.515596866607666
6.465620994567871
5.4603400230407715
5.408994197845459
6.580235004425049
6.2284770011901855
5.387443542480469
5.583616733551025
6.195554256439209
6.385837078094482
6.089682102203369
5.709932327270508
5.784564971923828
6.225521564483643
6.470062732696533
5.089003086090088
6.46175479888916
5.38232946395874
5.305922985076904
5.217720985412598
6.250637531280518
5.816750526428223
5.220237731933594
5.998897075653076
5.030768871307373
6.260568618774414
5.159672737121582
6.036472797393799
6.536867618560791
5.223155975341797
5.407154083251953
5.34865665435791
5.374784469604492
5.993880748748779
6.377195835113525
6.340462684631348
5.551084518432617
5.497209548950195
5.399129867553711
5.857100963592529
5.227763652801514
6.264111518859863
5.250399112701416
5.543770790100098
5.0009260177612305
5.290629863739014
5.8759684562683105
7.35525369644165
5.974691390991211
5.853877544403076
6.015674591064453
5.7787909507751465
6.40633487701416
5.2353515625
6.085854530334473
5.359330654144287
6.060959815979004
5.618016242980957
6.007811069488525
6.141400337219238
6.038858413696289
5.959293365478516
6.312732696533203
5.653909683227539
6.152742385864258
6.024015426635742
5.213369846343994
6.265146732330322
5.072486400604248
6.410341262817383
5.585115909576416
5.181454658508301
5.392427921295166
5.755712985992432
5.574928283691406
5.280175685882568
5.794238567352295
6.156307220458984
5.124096393585205
4.800353527069092
5.202634334564209
5.690715312957764
5.471712112426758
6.153569221496582
5.179384708404541
6.678596496582031
5.381978988647461
5.0951666831970215
5.1319732666015625
5.919055461883545
5.957479000091553
6.093952655792236
5.113985538482666
5.828594207763672
4.532613277435303
5.05942964553833
5.106694221496582
5.009847640991211
5.957150459289551
5.2532639503479
5.9756245613098145
5.489968776702881
6.190040111541748
4.893718719482422
4.986143589019775
6.196718215942383
6.5631279945373535
5.096776485443115
6.381837844848633
6.055689334869385
5.547040939331055
5.952543258666992
6.295562267303467
5.371246814727783
5.420553684234619
6.256295680999756
5.570956707000732
5.684525966644287
5.372900485992432
5.975517272949219
4.885220527648926
5.838557720184326
6.531924724578857
5.294524192810059
5.758129119873047
5.182212829589844
5.288992881774902
4.982997417449951
5.322293758392334
6.197307586669922
6.545194149017334
5.077635765075684
5.337024211883545
5.828044414520264
6.141358852386475
5.142732620239258
5.837687015533447
5.466323375701904
5.908690452575684
6.209268093109131
5.050009727478027
5.24716329574585
5.530385971069336
5.553926944732666
5.079133033752441
5.1475300788879395
5.851925373077393
5.217594623565674
6.131381988525391
6.3191819190979
5.357778072357178
5.902700424194336
5.194572448730469
5.086540699005127
5.801499843597412
5.005853176116943
6.059986114501953
5.120347023010254
5.395565986633301
5.4129509925842285
5.184631824493408
5.381011962890625
5.272120952606201
5.299370765686035
5.644930362701416
5.175999164581299
4.716411590576172
5.9125542640686035
6.359372615814209
5.412464141845703
5.1596784591674805
5.54862117767334
6.734069347381592
5.995762825012207
5.2237749099731445
6.146900653839111
5.32064151763916
5.645148277282715
5.610653877258301
4.964450359344482
6.233280181884766
6.3853912353515625
6.290903568267822
5.34653377532959
5.145840167999268
5.524391174316406
6.0768961906433105
5.1727986335754395
5.833549976348877
5.550060272216797
4.935188293457031
5.289020538330078
5.135085582733154
5.594468593597412
5.319603443145752
6.57656717300415
4.999698638916016
4.8445305824279785
5.089849472045898
5.8656182289123535
5.2654709815979
5.109980583190918
5.198351860046387
5.677927017211914
5.5151047706604
6.21325159072876
5.085348129272461
5.8611063957214355
5.63185453414917
5.350055694580078
5.058853626251221
5.832664966583252
5.534834384918213
5.384069919586182
5.787082195281982
5.684985160827637
5.703316688537598
5.611151218414307
5.6286702156066895
5.160948753356934
5.411616325378418
5.138462066650391
5.0370049476623535
5.883181571960449
5.415711879730225
6.245615482330322
5.543135643005371
4.5532121658325195
5.2890520095825195
4.76513147354126
6.013194561004639
5.5301408767700195
6.271389961242676
4.9382829666137695
5.597639560699463
5.641449928283691
5.6042022705078125
5.869901180267334
5.746218681335449
5.310793399810791
5.821003437042236
5.881461143493652
5.059079647064209
4.988500595092773
6.317329406738281
5.751663684844971
5.537363529205322
5.828787326812744
4.869566917419434
4.985664367675781
5.5203938484191895
5.945485591888428
5.364641189575195
6.011200428009033
5.349483489990234
5.495815277099609
5.422996520996094
5.153127670288086
5.249891757965088
5.808539390563965
5.956582069396973
6.01597261428833
5.253989219665527
5.216381549835205
4.938564777374268
5.57816743850708
5.273444652557373
5.979353427886963
5.511842250823975
6.181352615356445
5.401152610778809
5.947201251983643
6.370789527893066
5.285843849182129
5.5591254234313965
5.255558013916016
5.318184852600098
5.964222431182861
5.0491719245910645
5.026747226715088
5.557582378387451
5.925925254821777
6.29954719543457
5.085748195648193
5.806240558624268
5.430217742919922
6.46962833404541
5.991955757141113
6.020191192626953
5.084941387176514
5.444819927215576
5.295861721038818
4.943877696990967
5.6475982666015625
5.418141841888428
5.271668434143066
5.122445106506348
5.854560375213623
5.8569793701171875
6.1320319175720215
5.446231842041016
6.258342742919922
5.459659099578857
6.232487201690674
5.331103801727295
5.0386433601379395
5.460886478424072
6.3346357345581055
5.029574394226074
6.097958087921143
5.407054901123047
5.1293439865112305
5.153235912322998
6.138784885406494
5.058251857757568
5.268925666809082
5.393499851226807
5.0276875495910645
6.20067834854126
5.775421619415283
5.463101863861084
5.221530914306641
5.887604236602783
5.875050067901611
6.324458599090576
5.994872093200684
5.1422224044799805
6.140083312988281
5.768592357635498
5.9551615715026855
5.326613903045654
5.239893913269043
5.871737957000732
5.950690269470215
5.118070602416992
5.16807746887207
6.0775861740112305
4.912532329559326
5.319385528564453
6.26129150390625
5.307790279388428
6.113124370574951
5.917812824249268
6.040990352630615
5.883563041687012
6.318366050720215
5.397374629974365
5.242364406585693
5.822858810424805
6.243228435516357
5.797109127044678
5.623016834259033
5.824591636657715
6.0557541847229
5.819316387176514
6.266039848327637
5.87582540512085
5.47343111038208
5.104149341583252
5.6525492668151855
5.49513053894043
5.144172191619873
6.214133262634277
5.882094860076904
5.873566627502441
5.59948205947876
5.513554573059082
6.302269458770752
4.641208648681641
5.766767978668213
5.1650614738464355
5.669012069702148
5.479722499847412
5.007490634918213
5.18818998336792
6.376927852630615
5.359760284423828
5.337611198425293
5.0749030113220215
5.911968231201172
5.230837345123291
5.38204288482666
5.628439426422119
5.781919956207275
5.750885486602783
5.873627185821533
5.334652900695801
6.124895095825195
5.2853875160217285
5.069325923919678
5.466763973236084
5.66085147857666
6.396646976470947
6.0513200759887695
5.228842258453369
6.0769195556640625
5.793276786804199
5.578157901763916
5.280564308166504
6.103926181793213
5.465310096740723
5.324015140533447
5.171487331390381
5.170409679412842
5.746671199798584
4.91537618637085
5.020576000213623
5.136595249176025
5.355322360992432
6.226136207580566
4.637804985046387
6.664374828338623
5.723910808563232
5.553544521331787
6.205493450164795
5.883634090423584
5.950638294219971
6.383845806121826
5.173191547393799
6.1054887771606445
6.143290996551514
6.088235855102539
5.824991226196289
5.388419151306152
5.655412673950195
5.020698547363281
5.4017791748046875
5.203186988830566
5.2736496925354
6.22528076171875
5.734048843383789
5.2565717697143555
5.701787948608398
5.30286169052124
5.25094747543335
6.152855396270752
5.379791259765625
5.677995681762695
5.458957195281982
5.978497505187988
6.117171764373779
5.464809894561768
5.133050441741943
5.3860859870910645
6.08542537689209
5.980862617492676
5.448118686676025
5.366073131561279
5.379280090332031
4.96889066696167
4.968388557434082
4.791583061218262
6.075992584228516
5.503354549407959
6.405013561248779
5.70209264755249
5.465854167938232
6.068519115447998
5.720449447631836
4.893932342529297
5.6486124992370605
4.871753215789795
5.882507801055908
6.0410356521606445
5.766310214996338
5.535519599914551
5.558403968811035
5.287335395812988
5.2469024658203125
6.150013446807861
5.890803337097168
5.273346424102783
6.017560958862305
6.220251560211182
5.475000858306885
5.9103593826293945
5.91801643371582
5.178421497344971
5.82350492477417
6.384776592254639
5.690500736236572
5.390452861785889
4.919252395629883
5.856776237487793
5.982893466949463
5.239877700805664
5.113776683807373
5.39874792098999
5.12438440322876
5.879899501800537
4.928371906280518
5.005762100219727
5.208593368530273
5.502350330352783
5.113954067230225
5.4930949211120605
5.832963466644287
6.032523155212402
5.1559295654296875
6.000359535217285
5.575648307800293
6.081817150115967
5.020608901977539
5.602095127105713
6.031301975250244
5.3748087882995605
5.048117637634277
6.085480213165283
5.649846076965332
5.738189697265625
5.084383487701416
5.08983850479126
5.290905475616455
5.619211196899414
4.963160991668701
5.549012660980225
5.672016620635986
6.23234748840332
4.928313732147217
5.152383327484131
5.965268135070801
6.125847339630127
5.415627956390381
6.177975177764893
5.4806389808654785
4.986639022827148
5.001814365386963
5.294275283813477
6.285299777984619
5.30072546005249
4.478183746337891
6.073019981384277
5.268972396850586
6.288363456726074
5.240906238555908
5.9994215965271
5.630230903625488
5.587276935577393
6.360114574432373
5.385775089263916
5.652434349060059
5.156491279602051
5.389881610870361
6.778759002685547
5.206874847412109
5.210202693939209
5.749457359313965
5.843770503997803
5.017400741577148
5.485008239746094
5.753243923187256
5.3799309730529785
5.517889976501465
6.020277976989746
5.14856481552124
5.056999683380127
5.437783241271973
5.074399471282959
5.363656997680664
5.439344882965088
6.302718162536621
5.263511657714844
6.595998287200928
5.2871413230896
5.915280818939209
5.672682285308838
5.606497764587402
5.038237571716309
5.096987724304199
5.552840232849121
5.999771595001221
4.955646514892578
5.143516540527344
5.552833080291748
6.0856804847717285
5.335516452789307
5.394700527191162
5.864591121673584
4.926054954528809
5.238162994384766
6.199959754943848
5.255739688873291
5.7527241706848145
5.904465675354004
5.8091139793396
5.0122809410095215
5.0579986572265625
5.890760898590088
6.011849880218506
5.082925796508789
5.233365058898926
6.089441299438477
5.351428985595703
5.170440673828125
4.9070892333984375
5.652922630310059
5.972238540649414
4.97532320022583
5.0074849128723145
5.411252021789551
5.453123569488525
5.367979526519775
4.9276580810546875
5.327242374420166
6.37453031539917
4.945192337036133
6.22628116607666
5.405077934265137
5.161965370178223
5.1992011070251465
5.470893859863281
6.153531074523926
5.132688045501709
5.933629512786865
5.279288291931152
5.680258750915527
5.44773530960083
5.156220436096191
5.063148498535156
5.3825836181640625
5.943169593811035
5.002783298492432
6.119649410247803
5.105363368988037
5.63205099105835
5.579906463623047
5.988811016082764
5.872249603271484
5.0575852394104
5.645636558532715
5.940066814422607
5.306397914886475
6.186627388000488
6.142289161682129
5.36189079284668
4.859994411468506
5.59025239944458
5.8017778396606445
5.793143272399902
4.973507881164551
5.842707633972168
5.433166027069092
5.707919597625732
6.191133499145508
5.478800296783447
5.258924961090088
5.032912254333496
5.426909923553467
4.909548759460449
5.428144454956055
4.837878704071045
5.061654090881348
5.085681915283203
5.245337963104248
5.404330253601074
5.887257099151611
5.170918941497803
4.718046188354492
4.932838439941406
5.689182281494141
5.339269161224365
5.339759349822998
5.085927963256836
5.886192321777344
4.86595344543457
5.170047283172607
4.964125633239746
4.9398512840271
5.2436957359313965
5.069304943084717
4.698092937469482
5.591238021850586
5.798702239990234
5.065651893615723
6.149409770965576
5.066896438598633
6.256495475769043
5.312317848205566
5.8250837326049805
6.115053176879883
5.143439769744873
5.983337879180908
5.916943550109863
6.22812032699585
4.881428241729736
5.01569938659668
5.0252461433410645
6.001821041107178
5.716700077056885
5.336652755737305
5.120194911956787
5.226224422454834
5.512783050537109
5.690304279327393
5.975561618804932
4.989985466003418
5.031559467315674
5.558533668518066
5.364172458648682
4.752802848815918
4.685484409332275
4.669278621673584
4.9155097007751465
5.1993818283081055
5.654246807098389
4.787955284118652
5.806952476501465
6.382652282714844
4.965134143829346
5.307491779327393
6.052982807159424
5.314387798309326
5.120750427246094
5.841732025146484
5.354673862457275
5.7750139236450195
5.17163610458374
4.802087783813477
5.267791748046875
6.107697010040283
5.748893737792969
5.507679462432861
5.861672878265381
6.031045436859131
6.212472438812256
5.209318161010742
5.5317063331604
5.067392349243164
5.760294437408447
5.224554538726807
6.269259452819824
5.414958477020264
5.703927993774414
5.439507961273193
5.906848907470703
5.596548557281494
5.586440086364746
5.9159088134765625
5.059613227844238
4.876981258392334
5.650824546813965
5.091300964355469
4.935551166534424
5.418261528015137
5.05345344543457
5.264681816101074
5.0112409591674805
5.169974327087402
5.318019390106201
5.497323989868164
5.278347492218018
6.107868194580078
4.947352886199951
5.694254398345947
4.828985691070557
6.327116966247559
5.3718485832214355
6.071201801300049
5.062414169311523
5.773029327392578
5.461231708526611
5.213896751403809
5.5634284019470215
5.304931163787842
5.144873142242432
5.840785980224609
5.693251132965088
5.607635021209717
5.942299842834473
5.232811450958252
5.905885219573975
5.915242671966553
5.633458614349365
4.873597621917725
5.979773044586182
5.666685104370117
5.096899032592773
6.565370559692383
5.558143138885498
5.584927082061768
5.108705043792725
4.90997314453125
5.5204668045043945
5.500014305114746
6.353806495666504
5.237734794616699
4.916098594665527
5.346377372741699
5.24949836730957
6.298216819763184
5.986302852630615
5.4468302726745605
5.713167667388916
6.077794075012207
5.158435344696045
5.777366638183594
5.115093231201172
4.827338695526123
5.239858150482178
5.321998596191406
5.355103015899658
5.2304792404174805
5.131340503692627
5.801682472229004
5.818741798400879
5.725544452667236
4.825113296508789
5.653787136077881
6.161144256591797
5.429954528808594
5.995242118835449
5.895267963409424
5.36124324798584
5.305313587188721
5.861528396606445
5.966933250427246
4.810956954956055
4.974915981292725
5.817766189575195
5.702802658081055
4.829092502593994
6.135745048522949
5.200830936431885
6.118200302124023
5.615593433380127
5.47635555267334
5.591118335723877
6.2272419929504395
5.080816745758057
5.767152309417725
5.069702625274658
5.557826995849609
5.596269607543945
6.0665483474731445
5.794974327087402
6.160826683044434
5.973106861114502
5.583113670349121
5.665159225463867
5.256974220275879
5.958897590637207
6.066379547119141
5.744197845458984
5.038578510284424
6.043170928955078
5.45520544052124
5.268117427825928
6.347170829772949
5.008663654327393
5.501192092895508
5.218580722808838
5.915566444396973
5.8467206954956055
5.209773063659668
5.940887928009033
5.137294292449951
5.842072486877441
4.377083778381348
5.560934543609619
5.031043529510498
6.061572074890137
5.227786540985107
5.106551170349121
4.891948223114014
4.869515895843506
5.062306880950928
5.42254114151001
5.254045486450195
6.156404495239258
6.215947151184082
6.1085638999938965
5.377299785614014
5.462679862976074
6.002457618713379
6.1285481452941895
5.770023822784424
5.033309459686279
6.314870834350586
5.955428123474121
5.754133701324463
5.895050525665283
4.949242115020752
5.706530570983887
5.043455123901367
5.32318639755249
5.0698418617248535
5.336126804351807
5.129732608795166
5.891619682312012
5.156680107116699
5.319808483123779
5.234104156494141
5.211804389953613
5.520384788513184
5.876149654388428
5.267532825469971
5.656740188598633
5.2643327713012695
4.962114334106445
5.622557163238525
5.158198833465576
4.970293998718262
5.762371063232422
6.59710168838501
6.2099456787109375
6.062492370605469
5.82735538482666
5.436653137207031
5.490130424499512
5.099915981292725
5.816319942474365
5.722081661224365
5.193419933319092
5.676940441131592
6.082300186157227
5.29099702835083
6.3731536865234375
5.317503452301025
5.824951648712158
6.1076788902282715
4.944354057312012
5.015522480010986
6.000364780426025
4.922018051147461
4.90492582321167
5.565932273864746
6.345394134521484
5.939239978790283
5.589715003967285
5.95276403427124
4.752038478851318
5.6801371574401855
5.067404747009277
6.157960414886475
5.260783672332764
5.571690082550049
5.32599401473999
5.442899227142334
5.76077127456665
6.3653645515441895
4.842710018157959
5.581526756286621
5.047915458679199
5.279701232910156
5.623400688171387
4.963654041290283
5.023871421813965
5.181646823883057
5.261753082275391
5.7711968421936035
5.244171619415283
5.555858135223389
5.938621520996094
5.326975345611572
5.247962474822998
4.971619129180908
5.265579700469971
6.437760353088379
5.948739528656006
5.478521347045898
4.846889495849609
4.919724464416504
4.631419658660889
5.863577842712402
5.227163791656494
5.49208402633667
4.936585426330566
5.730162143707275
5.339553356170654
5.908199310302734
5.500621318817139
6.321377754211426
5.48439359664917
5.334187030792236
6.2629218101501465
5.154008388519287
6.127990245819092
5.659673690795898
4.999939918518066
5.13014030456543
5.433509826660156
5.162269592285156
4.908520698547363
5.258142471313477
6.258126735687256
4.853588581085205
4.9220147132873535
6.091796875
6.0077691078186035
5.1889190673828125
5.150950908660889
5.11045503616333
5.286610126495361
5.707850933074951
6.157460689544678
5.718180179595947
5.050706386566162
5.565463542938232
4.676121234893799
4.96610164642334
5.89404296875
5.157987117767334
5.001979351043701
5.334957599639893
5.093062877655029
5.017352104187012
5.166696548461914
4.92331075668335
5.0988688468933105
5.963765621185303
5.881335735321045
5.759702205657959
5.479367256164551
5.166358470916748
6.193166732788086
5.275310516357422
5.298582553863525
5.5763726234436035
5.407299518585205
6.051889419555664
5.1796112060546875
4.682034492492676
6.350470542907715
5.673314094543457
5.860240459442139
5.001285076141357
6.1726298332214355
5.288731575012207
4.6011810302734375
6.340270519256592
5.1410322189331055
5.0037078857421875
5.908576011657715
5.212824821472168
5.788018226623535
5.045278072357178
6.07144021987915
4.895568370819092
6.259568691253662
5.332027912139893
5.102267265319824
6.046955108642578
4.856265068054199
5.889527320861816
5.021119117736816
5.150398254394531
5.915046215057373
5.035571098327637
5.526420593261719
4.940741539001465
5.0962300300598145
5.203454971313477
5.072638511657715
5.798536777496338
5.749362468719482
5.964670181274414
6.3015875816345215
4.822617530822754
5.4870285987854
5.120537281036377
5.1070876121521
5.476085662841797
4.870020866394043
6.030656337738037
5.518492698669434
5.410543918609619
6.084737777709961
5.848361968994141
6.140557765960693
5.518294334411621
5.181575775146484
5.381526947021484
6.025961399078369
5.837031841278076
5.900993824005127
4.789661407470703
5.308486461639404
6.193399429321289
5.251110076904297
5.1620354652404785
5.095731735229492
6.142405033111572
4.920570373535156
5.400389194488525
5.553249835968018
5.282220840454102
5.086336612701416
5.560970306396484
4.975702285766602
5.200769424438477
6.175765514373779
4.913853645324707
5.229165077209473
5.112531661987305
5.199488639831543
4.9115309715271
4.682016372680664
5.638762474060059
6.008842945098877
5.199285984039307
5.683990478515625
5.228865146636963
5.2919793128967285
5.323916435241699
5.981312274932861
5.921009063720703
5.162935733795166
4.977718353271484
5.2231364250183105
4.834773540496826
5.314813137054443
5.085826396942139
5.405611038208008
5.00886344909668
6.067300319671631
5.0035014152526855
5.766331195831299
6.098583698272705
5.365078449249268
4.74163818359375
5.771127700805664
5.441252708435059
5.362330913543701
4.90545129776001
5.775516510009766
6.430820465087891
5.983314037322998
4.937129497528076
5.525765419006348
4.7255120277404785
5.710257530212402
5.652356147766113
4.791704177856445
5.076673984527588
5.956352233886719
5.978809833526611
5.793265342712402
5.786614894866943
5.930954933166504
5.723723888397217
5.984750270843506
5.194890022277832
5.164865016937256
5.209408283233643
5.912446975708008
5.427668571472168
5.786665916442871
5.215667724609375
5.9127984046936035
4.927606105804443
6.206023216247559
6.231020450592041
4.9585466384887695
5.257918357849121
5.874294281005859
5.469943523406982
5.245205402374268
5.563141345977783
5.296036243438721
6.299404144287109
5.411399841308594
5.370934963226318
6.124145030975342
5.361883163452148
5.956095218658447
5.093783855438232
5.36671781539917
5.306689739227295
5.979056358337402
5.529483318328857
5.185831546783447
6.118636131286621
5.1856689453125
6.150452613830566
5.057682991027832
4.966213703155518
5.600467205047607
5.811337947845459
5.194979190826416
4.931666374206543
4.959843158721924
4.964886665344238
5.614658832550049
6.325520992279053
5.689662933349609
5.202169895172119
5.727865695953369
5.416468143463135
5.013298034667969
5.695562362670898
5.70844841003418
5.8580169677734375
5.940572261810303
4.907597064971924
5.721332550048828
4.924708843231201
5.099181175231934
5.445244312286377
5.133918762207031
6.397077560424805
5.1436614990234375
5.128711223602295
4.755491733551025
6.261970043182373
5.380422592163086
5.579998970031738
5.531671524047852
5.067987442016602
6.165059566497803
4.944276332855225
5.129343032836914
6.147273063659668
5.09453010559082
5.067607402801514
5.066339015960693
5.097897052764893
5.698395729064941
5.714400291442871
5.9754958152771
5.338125705718994
5.647543430328369
4.980678081512451
5.062447547912598
5.580422401428223
5.866520404815674
5.148519992828369
5.683396339416504
5.610372066497803
5.104823589324951
4.896783351898193
4.725457668304443
5.209578037261963
4.855667591094971
5.799167156219482
4.69338321685791
5.078165531158447
4.9828267097473145
5.978376865386963
5.283637523651123
5.842904567718506
5.615234851837158
5.9626569747924805
4.977383136749268
5.593415260314941
5.363104820251465
5.7732038497924805
5.248135566711426
5.874858379364014
5.600017547607422
4.718157768249512
4.9341630935668945
5.9739670753479
6.008941173553467
5.8302178382873535
4.916500091552734
6.048546314239502
5.078186988830566
5.323936462402344
6.066799163818359
5.947423934936523
5.1941962242126465
5.497039794921875
5.610746383666992
5.197591304779053
5.092361927032471
6.044414520263672
5.353086471557617
5.488420009613037
5.993204593658447
5.228765964508057
5.038970470428467
4.819692134857178
5.33060884475708
5.675629615783691
4.286750793457031
5.219003677368164
4.910033702850342
5.920041561126709
5.010808944702148
5.555080890655518
5.676114559173584
5.047467231750488
5.027315139770508
5.453253746032715
5.022538185119629
5.4384307861328125
5.771154403686523
4.927182197570801
5.369104862213135
6.000596523284912
5.076232433319092
5.9471611976623535
5.130790710449219
6.068509578704834
5.336124420166016
4.661108493804932
5.825350761413574
5.3718180656433105
5.262237548828125
5.47615909576416
6.027777671813965
5.351766109466553
5.3777265548706055
5.075610637664795
5.6323957443237305
5.224113464355469
5.660793304443359
5.577151775360107
5.576323509216309
6.324490547180176
5.158556938171387
5.109456539154053
4.560911655426025
4.840289115905762
5.266963005065918
5.107894420623779
6.450627326965332
5.066580772399902
4.808126449584961
5.531323432922363
5.721746921539307
5.005306243896484
5.5958943367004395
5.194582462310791
5.863318920135498
5.184243202209473
5.8224358558654785
5.615400791168213
5.952267646789551
4.846073627471924
4.719931602478027
4.964424133300781
5.514975547790527
4.9630842208862305
4.989853382110596
5.325444221496582
5.953411102294922
6.537716865539551
5.642014503479004
5.1369757652282715
5.496908664703369
5.674675941467285
5.042587757110596
5.830782413482666
6.237198352813721
5.806152820587158
5.300079822540283
4.963800430297852
5.0628437995910645
5.923130512237549
6.4057722091674805
5.301543712615967
5.106710433959961
5.846161365509033
5.6063714027404785
5.152416706085205
5.895479679107666
5.478789806365967
5.826472759246826
5.618354797363281
6.025426387786865
5.5103278160095215
5.293591022491455
5.037411212921143
5.553423881530762
4.833579063415527
6.056801795959473
5.644298553466797
4.81754207611084
5.226881504058838
6.5548505783081055
5.258568286895752
6.0393385887146
5.355203628540039
5.416334629058838
5.216629505157471
4.998958587646484
5.095507621765137
4.6783366203308105
5.28814172744751
4.748204231262207
5.4477105140686035
5.734025001525879
5.9166364669799805
5.5966572761535645
4.961669921875
5.697101593017578
4.9575605392456055
5.424330234527588
5.946964740753174
5.384331226348877
6.258910655975342
5.507721900939941
5.328383922576904
5.957254409790039
5.874999046325684
5.851816654205322
6.004079341888428
5.017538070678711
5.913418292999268
5.983123302459717
5.197059154510498
6.207402229309082
5.675449848175049
4.706099510192871
5.313425064086914
4.920568943023682
5.5105180740356445
5.728785037994385
5.418935775756836
4.861224174499512
5.813867568969727
5.949914455413818
6.393509387969971
5.647332191467285
6.175582408905029
5.523806095123291
5.11907434463501
5.232479095458984
5.153035640716553
5.713443279266357
5.155539512634277
5.363427639007568
4.7891645431518555
5.973612308502197
5.09040641784668
5.28004789352417
4.614325046539307
5.04525089263916
6.039126873016357
4.674025535583496
6.176483631134033
4.9571661949157715
5.386007785797119
5.845094203948975
5.913609981536865
5.6452155113220215
5.620927333831787
4.959010124206543
5.8831939697265625
5.3769659996032715
5.1183061599731445
5.427616119384766
6.001895904541016
5.341526508331299
5.024539470672607
4.921217441558838
4.872167587280273
5.481184482574463
5.413692951202393
5.898717880249023
4.8510212898254395
5.400792121887207
5.693604946136475
4.987358093261719
5.239174842834473
5.826278209686279
5.120779991149902
5.519282817840576
5.939168453216553
5.576997756958008
6.060420036315918
4.856649398803711
6.2034759521484375
5.283738136291504
5.116090774536133
4.975953578948975
5.002018928527832
5.309708118438721
5.340150356292725
6.381505012512207
5.4876251220703125
5.810210227966309
5.801573276519775
5.970983982086182
5.154231548309326
5.1375908851623535
5.179272651672363
5.999639987945557
5.136552810668945
4.98582649230957
5.041055679321289
5.874776840209961
5.393970489501953
5.672461032867432
4.995568752288818
5.258136749267578
5.6306867599487305
5.427770614624023
5.5627946853637695
5.00889253616333
5.050704479217529
5.8779683113098145
5.216920375823975
5.530981540679932
6.034397602081299
5.0513715744018555
5.112701892852783
5.019363880157471
5.142710208892822
5.679616451263428
4.851693630218506
6.227304935455322
5.730156421661377
5.635284423828125
5.367640972137451
5.130419731140137
5.36906623840332
5.129812717437744
5.171234130859375
5.896093845367432
4.853387832641602
5.1729960441589355
5.227606296539307
5.105072975158691
4.954312801361084
5.499903678894043
4.848996162414551
5.147505283355713
5.3925323486328125
5.965764999389648
5.9895806312561035
5.0638251304626465
5.879974842071533
6.346782207489014
5.653295040130615
5.295528411865234
5.789484977722168
4.936728000640869
5.006113529205322
6.038402557373047
5.084326267242432
5.981626510620117
6.05621337890625
4.689656734466553
5.949191570281982
5.340267181396484
5.409367084503174
6.064828872680664
4.994855880737305
5.124423027038574
5.128730297088623
5.535558223724365
4.7711381912231445
5.855048656463623
5.266859531402588
4.698081970214844
5.210182189941406
5.28173303604126
5.387885093688965
6.222165584564209
5.535895824432373
5.507074356079102
4.813246250152588
5.319034099578857
5.6421403884887695
6.285778999328613
5.461535930633545
4.882588863372803
6.044367790222168
4.87323522567749
5.569047927856445
5.200293064117432
6.378355979919434
5.806878566741943
5.597311496734619
5.6846442222595215
6.031749725341797
5.619484901428223
5.869710445404053
5.415782451629639
4.801167011260986
6.03188943862915
5.157278537750244
5.448760032653809
4.406560897827148
5.530086994171143
5.137001037597656
5.728095531463623
4.903936862945557
5.360448837280273
4.724432468414307
4.622710704803467
5.708920001983643
5.140238285064697
5.865256309509277
5.983607292175293
6.045159816741943
5.491331100463867
5.363101005554199
5.679758071899414
5.0045061111450195
6.402291297912598
4.665688991546631
5.009763717651367
5.067117214202881
5.240828037261963
5.469032287597656
5.688416481018066
5.816256523132324
5.1130805015563965
6.209310531616211
5.145664691925049
5.387105941772461
4.941993713378906
5.403698921203613
5.709962844848633
5.251389980316162
5.1378960609436035
5.249711513519287
5.443902492523193
6.01760721206665
5.830916881561279
5.193607330322266
5.830258846282959
5.2122602462768555
5.47677755355835
5.772826671600342
5.381864070892334
6.06621789932251
6.305654525756836
5.372939586639404
5.90546178817749
6.389601230621338
4.751685619354248
4.864129543304443
5.571944236755371
5.066761493682861
5.8416032791137695
4.774084091186523
5.763329029083252
5.628386974334717
5.409920692443848
5.947918891906738
6.014658451080322
5.086243152618408
4.628304958343506
5.425411224365234
6.352884292602539
5.388410568237305
5.498298645019531
4.463158130645752
6.062404155731201
5.0604329109191895
5.691298007965088
5.401911735534668
5.6466193199157715
5.831984519958496
5.677478790283203
5.270408630371094
4.68165397644043
5.980254650115967
5.768828392028809
5.017862319946289
4.906008243560791
6.169916152954102
5.403092861175537
5.407632827758789
5.168316841125488
5.538229465484619
5.459588050842285
5.831571578979492
5.083265781402588
5.277352809906006
5.410745620727539
6.017421245574951
5.722519874572754
5.0187530517578125
5.495536804199219
5.931462287902832
5.078092575073242
5.243054389953613
5.2085795402526855
5.9759039878845215
4.774868488311768
6.0762434005737305
5.853113174438477
6.114522933959961
5.5871782302856445
5.074582576751709
5.17855978012085
5.104679107666016
4.920675277709961
5.7930684089660645
4.562681198120117
5.120137691497803
4.969058990478516
5.414678573608398
5.188035488128662
4.919495105743408
4.385207176208496
5.018366813659668
5.567950248718262
6.546880722045898
5.05706262588501
4.618056297302246
5.310520648956299
6.043734550476074
5.236512660980225
4.952280521392822
4.98452091217041
5.83202600479126
5.434869289398193
6.147161960601807
4.918120384216309
5.4221882820129395
6.011109828948975
4.852634906768799
4.87459135055542
5.361054420471191
4.982723236083984
6.021213054656982
5.105105400085449
5.129741191864014
5.736401557922363
5.744016170501709
5.74791955947876
5.71115779876709
5.880561351776123
5.517801761627197
4.964457988739014
5.046822547912598
4.8727850914001465
5.676178932189941
5.639585494995117
5.969127655029297
5.294610977172852
5.762558937072754
5.41084623336792
4.768113613128662
5.736199378967285
5.697286128997803
4.5272088050842285
5.524595737457275
5.03175687789917
5.39610481262207
5.506946563720703
5.814934730529785
6.088438510894775
5.890264511108398
5.176467418670654
5.853880405426025
5.318089962005615
5.393263339996338
5.3696489334106445
5.246960163116455
5.454826831817627
5.289628505706787
5.510172367095947
5.158300876617432
6.066352844238281
6.038468837738037
4.819873809814453
5.990720748901367
4.9604926109313965
5.349318027496338
5.701121807098389
5.3600172996521
5.114719867706299
5.23961877822876
5.270038604736328
5.756816864013672
5.9569926261901855
4.9829487800598145
5.029047966003418
4.694296836853027
4.902606010437012
4.781964302062988
5.5188374519348145
5.820079326629639
5.1700825691223145
5.074923992156982
5.609086990356445
4.721930503845215
5.191464424133301
5.136957168579102
5.655040740966797
5.429971694946289
5.29293155670166
5.102738380432129
6.1917901039123535
4.995543003082275
5.998019695281982
4.887669563293457
4.983384132385254
5.961754322052002
5.459861755371094
6.075768947601318
5.4739861488342285
5.644002437591553
5.934263229370117
5.2046003341674805
5.638758182525635
5.712801456451416
5.5529093742370605
6.108752727508545
5.771751880645752
5.208378314971924
4.9341301918029785
5.502386093139648
4.904813766479492
5.341079235076904
6.14769172668457
5.708996295928955
5.409995079040527
5.4218854904174805
5.3351945877075195
5.814748764038086
4.970069885253906
5.1979875564575195
5.302881240844727
4.9747700691223145
4.9854021072387695
5.749396324157715
5.608348846435547
5.10784912109375
5.746797561645508
5.757237434387207
5.125909328460693
5.312271595001221
5.626043319702148
6.014085292816162
6.052951812744141
4.972039222717285
5.406324863433838
5.582951545715332
5.213576316833496
5.24172306060791
5.029552459716797
5.59675407409668
5.516289710998535
4.894492149353027
6.06381368637085
5.522597312927246
5.108402729034424
6.012105941772461
6.029303073883057
4.911994934082031
4.762546539306641
5.958276748657227
5.397790908813477
5.751457214355469
5.056663990020752
5.689302921295166
5.088106632232666
4.895130157470703
6.066709995269775
6.341205596923828
5.277245044708252
5.073998928070068
5.25760555267334
4.901681423187256
6.1181793212890625
6.19770622253418
5.130284786224365
5.331544876098633
5.135018348693848
5.320706844329834
5.355571746826172
5.707147121429443
4.868937969207764
5.135661602020264
5.568856716156006
5.448029518127441
4.850315570831299
5.866162300109863
5.841714859008789
5.110007286071777
5.249754428863525
5.014857769012451
4.57692813873291
4.7413434982299805
5.541878700256348
5.136866092681885
5.641989231109619
4.807066440582275
5.473808288574219
5.204566955566406
5.3991618156433105
5.83949613571167
5.9010210037231445
5.414725303649902
5.957608222961426
5.693366527557373
4.848532199859619
5.279315948486328
5.593039512634277
5.286564826965332
4.758480548858643
5.104822635650635
4.852733135223389
5.309013843536377
5.586438179016113
5.854734897613525
6.059081077575684
5.669579982757568
5.596009731292725
4.801009178161621
5.250368595123291
5.6654181480407715
5.338413715362549
4.981225967407227
5.804586410522461
5.437145709991455
5.2802348136901855
4.942469596862793
5.598566055297852
5.1601033210754395
4.9930267333984375
5.937955379486084
5.440375804901123
4.924036979675293
5.550131320953369
5.28342866897583
5.1540093421936035
5.967800140380859
4.875511646270752
5.004868507385254
5.7870988845825195
4.947413921356201
5.883473873138428
4.706993103027344
5.058034896850586
5.712396621704102
4.988140106201172
5.5689592361450195
5.1036601066589355
4.987046241760254
5.366163730621338
5.232186794281006
5.060208797454834
6.106861114501953
5.1776556968688965
5.015578269958496
6.124408721923828
5.205534934997559
5.11685037612915
5.900033950805664
5.561997890472412
4.777828216552734
5.306326866149902
4.953604221343994
5.385268688201904
5.178483486175537
5.193853855133057
5.476611137390137
5.699659824371338
5.212223052978516
5.5517730712890625
4.469419956207275
5.178406715393066
4.531851291656494
5.261258602142334
6.009758949279785
5.232187747955322
5.475742340087891
4.944207668304443
5.282723426818848
5.311133861541748
4.760213851928711
5.067281246185303
5.058269500732422
4.8277764320373535
5.827148914337158
5.832870960235596
5.137735366821289
5.7336649894714355
5.406885623931885
5.83999490737915
4.738846778869629
5.708861351013184
5.10749626159668
5.473049163818359
4.88462495803833
5.704965591430664
5.587184906005859
4.710834980010986
5.0622663497924805
6.092601776123047
4.908977031707764
5.151337146759033
4.780077934265137
5.053435802459717
5.705920696258545
5.81603479385376
4.764024257659912
5.243849277496338
5.080786228179932
5.424315452575684
5.650081157684326
5.318512916564941
5.6827850341796875
4.936026573181152
5.215581893920898
5.767629623413086
5.13923978805542
5.524479389190674
5.086197853088379
5.190023899078369
4.889951705932617
5.880443572998047
5.0739030838012695
5.331110954284668
5.061777114868164
5.05360221862793
4.930020809173584
4.722753047943115
5.201396942138672
5.652362823486328
5.59888219833374
6.021842956542969
5.969870090484619
5.804919242858887
5.604511260986328
5.232693195343018
4.818044185638428
5.277252197265625
4.692731857299805
4.870828151702881
5.162992477416992
6.0973663330078125
5.304861545562744
4.939838886260986
5.274404048919678
5.815948009490967
4.85990571975708
5.171144962310791
4.967245578765869
5.140638828277588
5.880475997924805
5.243591785430908
5.764833927154541
5.803238868713379
4.811450481414795
5.720779895782471
4.920603275299072
5.528562068939209
5.03281307220459
5.5967607498168945
5.046310901641846
5.731308460235596
5.918481826782227
5.367491722106934
5.43713903427124
5.193456649780273
4.7822957038879395
5.633084297180176
5.501565933227539
5.293003082275391
6.259122848510742
4.788460731506348
5.795378684997559
5.597652435302734
5.1965436935424805
5.720248222351074
5.44015645980835
6.318265914916992
5.097217082977295
5.69965124130249
4.943461894989014
5.184088230133057
5.769858360290527
5.8982062339782715
5.252478122711182
5.00313138961792
5.311025619506836
4.937073707580566
4.897697448730469
5.062355041503906
5.950581073760986
5.147364139556885
5.4846086502075195
5.07710599899292
5.117234230041504
5.073575496673584
5.126503944396973
5.2558135986328125
4.991156101226807
5.489326000213623
5.8813796043396
4.695373058319092
5.6884307861328125
5.695437431335449
5.3569254875183105
5.327925205230713
4.972404956817627
5.699374198913574
5.880235195159912
5.332389831542969
4.691061496734619
5.66658878326416
5.589000701904297
4.993310928344727
5.924279689788818
5.061295509338379
4.960060119628906
4.451752185821533
5.0634284019470215
4.991529941558838
5.539778232574463
4.651353359222412
5.096961975097656
5.972089767456055
5.289920330047607
5.786016464233398
5.14992094039917
5.144245147705078
6.610469818115234
5.497607707977295
5.181498050689697
4.7654948234558105
5.702708721160889
5.478233814239502
5.631972789764404
5.031821250915527
5.212599754333496
5.075345516204834
5.718575954437256
4.949331283569336
5.21266508102417
5.292311668395996
5.335808753967285
4.953382968902588
4.852473258972168
5.183688640594482
5.62711763381958
5.569392681121826
4.8185882568359375
4.827718734741211
5.271235466003418
4.9195661544799805
5.979233741760254
4.778954029083252
5.207568645477295
5.012528896331787
6.062130451202393
5.663578033447266
5.8715715408325195
4.952446460723877
4.7006354331970215
5.153347492218018
5.248692035675049
5.385547161102295
5.80163049697876
5.31983757019043
5.008939743041992
5.229387283325195
5.753546714782715
4.946430206298828
4.795612335205078
4.691150188446045
5.880209922790527
5.482456684112549
5.867799758911133
5.415097236633301
5.882429599761963
5.280524730682373
5.236088275909424
5.364171981811523
4.885252952575684
4.961616516113281
5.3274688720703125
5.286825180053711
4.852691650390625
5.747341156005859
5.30233097076416
4.902279853820801
5.103842735290527
5.353559970855713
6.096344947814941
4.913327217102051
5.826783180236816
5.689274311065674
5.136753082275391
5.661876201629639
5.092648983001709
4.7659711837768555
5.005747318267822
5.186022758483887
5.352392196655273
4.754525184631348
5.088050842285156
5.15456485748291
5.540569305419922
4.829664707183838
5.492811679840088
5.624480724334717
5.386926651000977
5.263751983642578
5.58642053604126
5.831497669219971
5.886318683624268
4.9260077476501465
6.240723609924316
4.899467945098877
4.748579978942871
5.673344612121582
5.256025791168213
5.4940385818481445
5.554268836975098
6.390117645263672
6.069604873657227
5.403223991394043
5.498456954956055
5.879608154296875
5.021542072296143
5.550001621246338
4.854544162750244
4.878726959228516
4.570586204528809
6.09366512298584
5.186863899230957
5.102364540100098
5.606374740600586
5.717963695526123
5.386122226715088
5.148950099945068
5.904561996459961
6.104515552520752
5.274590492248535
4.9460625648498535
5.775674343109131
5.035837173461914
5.422015190124512
4.6494622230529785
5.920196056365967
5.997053146362305
4.9001922607421875
5.375816822052002
5.929874897003174
5.120254039764404
5.4988603591918945
5.049332618713379
5.574740409851074
5.440250396728516
5.584078311920166
5.113284111022949
5.427290916442871
4.882466793060303
5.159196853637695
5.01313591003418
4.73297643661499
4.989738941192627
5.1620354652404785
5.848958492279053
4.986058712005615
5.693994045257568
5.614542484283447
5.1151862144470215
4.933235168457031
5.673575401306152
4.730433940887451
5.307649612426758
5.5413899421691895
5.2630205154418945
4.806564807891846
4.979217529296875
5.746575355529785
5.615409851074219
4.856298446655273
6.03141975402832
5.798816680908203
5.051244735717773
5.22987699508667
4.837019920349121
4.920807361602783
5.334959506988525
5.036434173583984
5.459168434143066
5.084029674530029
5.332783222198486
5.798632621765137
4.746629238128662
5.128291130065918
5.1219940185546875
4.625978946685791
5.7013020515441895
5.137760162353516
5.611898899078369
4.923659801483154
5.86683464050293
5.038976192474365
4.9012675285339355
6.5508646965026855
5.990968227386475
5.087759494781494
5.528762340545654
5.20175313949585
5.330285549163818
5.177850246429443
5.125308036804199
5.243372440338135
4.992804527282715
5.42205810546875
6.1114654541015625
4.794190883636475
5.164290904998779
5.087774753570557
4.751645088195801
5.840825080871582
6.007257461547852
4.966225624084473
5.71972131729126
5.480184078216553
5.454887390136719
5.602083206176758
5.831233024597168
5.966470241546631
5.0866193771362305
4.943077564239502
6.064107894897461
5.7747344970703125
5.252882480621338
5.3076171875
5.311277389526367
4.757124423980713
5.277896404266357
4.84144926071167
4.93382453918457
4.897648334503174
4.859429359436035
5.042848110198975
4.896766662597656
4.8667473793029785
5.361340522766113
5.795494556427002
5.404803276062012
5.18209171295166
5.453185558319092
5.130067348480225
5.337220191955566
5.574068069458008
5.285329818725586
6.108454704284668
4.613434791564941
6.048736572265625
6.125701904296875
6.0194411277771
5.583796501159668
5.901081562042236
5.117857933044434
5.495680332183838
5.038559436798096
4.907046794891357
5.722107887268066
5.6134843826293945
6.036221981048584
5.299139499664307
5.009479999542236
6.085144996643066
4.92926025390625
5.698101043701172
5.448962688446045
4.815690994262695
6.462483882904053
5.83131742477417
5.060055732727051
5.883392333984375
5.577821254730225
5.924206733703613
5.98388147354126
4.996787071228027
5.0809454917907715
4.5966796875
6.044172286987305
5.694125652313232
5.191525936126709
6.1570940017700195
5.214412689208984
4.750252723693848
5.622294902801514
5.36166524887085
4.795558929443359
4.924367904663086
5.328351020812988
5.424873352050781
5.197900772094727
4.755860805511475
4.970032215118408
6.164694786071777
5.373103618621826
6.064076900482178
4.846131801605225
5.186990261077881
5.461090087890625
5.1333489418029785
4.936600685119629
4.909109115600586
5.252211093902588
5.064316272735596
5.944115161895752
5.5981035232543945
5.571784496307373
5.019806385040283
4.9250054359436035
5.130678176879883
5.719264507293701
5.55044412612915
6.145662784576416
5.4138407707214355
5.733083248138428
5.401529788970947
4.892913341522217
5.760313987731934
4.867725849151611
5.984975337982178
5.330943584442139
5.771740436553955
5.210848331451416
5.493144512176514
5.899044513702393
5.020310878753662
5.090987682342529
5.59538459777832
5.069350719451904
5.849608898162842
5.222398281097412
4.833444595336914
4.9338860511779785
5.115114212036133
5.701598167419434
4.944632053375244
5.66216516494751
5.4721221923828125
5.9811577796936035
5.5727667808532715
4.99014139175415
5.865367412567139
5.3342604637146
6.0305657386779785
4.977755069732666
5.370072364807129
5.319424629211426
5.026736259460449
4.8130974769592285
5.627449035644531
4.683511257171631
5.06847620010376
5.360480785369873
5.006827354431152
5.442448616027832
5.586592197418213
5.172670841217041
4.982850074768066
5.630782127380371
4.961508750915527
5.455842018127441
5.584838390350342
5.219944000244141
5.6730146408081055
5.433592319488525
5.725451946258545
6.17695951461792
4.98936128616333
5.700736045837402
5.3956685066223145
5.379753112792969
5.200183868408203
5.995211601257324
4.993420600891113
5.469252586364746
5.391424179077148
5.009102821350098
4.717855930328369
5.83075475692749
5.600340366363525
6.22484827041626
6.028878211975098
5.126009941101074
4.801298141479492
5.49284553527832
5.148131847381592
6.03346586227417
6.134109020233154
5.292992115020752
5.2689385414123535
5.639650821685791
5.389104843139648
5.619576930999756
5.114148139953613
4.939881801605225
5.6768035888671875
4.776683330535889
4.585721492767334
4.62192964553833
5.858570575714111
6.052798748016357
5.656943321228027
5.848984718322754
5.514764308929443
5.289422512054443
5.793347358703613
5.880317211151123
5.4975905418396
5.869840621948242
5.082719802856445
5.03519868850708
5.362729072570801
5.255229949951172
4.841930389404297
5.931919097900391
4.982500076293945
4.680074691772461
5.612102508544922
5.156660079956055
4.8669891357421875
5.2963666915893555
4.894968032836914
5.73845911026001
4.939375400543213
5.563686847686768
5.181739330291748
5.205995559692383
5.367372035980225
5.2455220222473145
5.288440227508545
4.7090582847595215
6.015883445739746
5.186392307281494
5.183473587036133
5.301071643829346
4.923586368560791
5.237930774688721
6.254921913146973
4.911334991455078
5.25747013092041
5.194605827331543
5.449360370635986
5.562884330749512
5.010335922241211
5.630639553070068
4.890069007873535
5.309195041656494
5.2193284034729
5.650423049926758
5.706079483032227
5.979199409484863
5.158356666564941
6.0430755615234375
5.061629772186279
6.001338481903076
5.208091735839844
5.049148082733154
5.920788764953613
5.547945976257324
5.529118061065674
5.467580318450928
5.085038661956787
5.54759407043457
5.2414021492004395
6.184513568878174
4.731112480163574
5.118066310882568
5.0867815017700195
5.271623134613037
5.1869916915893555
5.282062530517578
5.945601463317871
5.230545997619629
5.2673726081848145
5.390903949737549
5.406330108642578
5.90043830871582
5.579522609710693
5.957242012023926
5.4617085456848145
5.088639259338379
4.952188491821289
6.090028285980225
4.800631523132324
4.949560642242432
5.36453104019165
4.995981693267822
4.798696517944336
5.355259418487549
6.03661584854126
5.290809631347656
4.97460412979126
5.131608486175537
4.874603748321533
4.677550315856934
4.994109630584717
4.919102668762207
5.0022759437561035
5.345853805541992
5.76841926574707
5.362642765045166
