6.979693
7.088490
6.494907
6.081254
5.394164
4.787557
3.843560
3.599231
3.440910
2.759066
2.892816
2.805425
2.749471
2.737522
2.576565
2.516020
2.622406
2.258710
2.768539
2.511230
2.837915
2.275555
2.277609
2.837435
2.315719
2.752038
2.909444
2.202898
2.552659
2.905988
2.940866
2.320522
2.704498
2.816195
2.963842
2.267794
2.816531
2.691354
2.644490
2.608387
2.738285
2.992104
2.347346
2.842478
2.562308
3.029940
2.560407
2.637774
1.955245
2.900202
2.661061
2.519338
3.020939
2.421435
2.334804
2.530011
2.529721
2.159491
2.367696
3.149226
2.612718
2.784246
2.225072
2.977566
2.576516
2.678413
2.786140
2.695793
2.835810
2.813096
3.280190
2.832963
2.408469
2.677189
2.983360
2.347823
2.305424
3.031699
3.029590
2.298217
2.860021
2.643404
2.734532
2.876305
2.527882
2.533186
3.469481
3.072625
2.789768
3.501139
2.567370
2.670586
2.910876
2.654158
2.413001
3.490623
2.536676
2.378122
4.093184
3.538089
