6.921802
6.726290
6.103323
5.746315
5.427210
4.855598
4.860501
3.822809
3.022633
2.618518
2.884493
3.027236
2.582186
2.672928
2.486800
2.768054
2.927661
2.585656
2.386972
2.376968
2.436179
2.447993
2.540579
2.257937
2.813569
2.476172
2.311815
2.574977
2.354700
2.163296
2.353663
2.135941
2.329699
3.342576
2.874950
2.578039
2.809976
2.568893
2.685188
2.488928
2.517068
2.941272
2.334830
2.719308
2.190662
2.510121
2.694254
2.428602
2.411783
2.491601
2.761596
2.322821
2.620739
2.735657
2.680149
2.434643
2.493534
2.281988
2.393614
2.453654
2.231936
2.330702
2.628924
2.443360
3.088569
3.085299
2.580458
2.592547
2.826106
2.691057
2.734614
2.704262
2.667427
2.991631
2.956945
2.627901
2.089758
2.903708
2.994097
3.027004
2.677306
2.642187
3.146499
3.401771
2.204925
2.796226
2.432242
2.398018
3.051026
3.855417
2.800624
2.737060
2.210178
2.672242
2.450115
3.220187
3.108526
2.815236
2.336100
2.724563
