4.987277
5.070553
5.084032
4.853944
4.845082
4.874873
4.822198
5.092553
4.755408
4.888816
4.861544
5.149409
4.822639
5.221776
4.888027
4.638191
4.918019
4.940105
4.796134
4.940426
4.755239
4.784550
4.776690
4.581031
4.514843
4.388991
4.399219
4.442300
4.606487
4.374397
4.013865
4.493726
4.165046
4.179197
3.967015
3.827482
4.137386
4.380306
4.077402
4.126389
4.192598
3.883736
3.852774
3.532427
3.950329
3.951130
3.678087
3.782325
4.017911
3.708903
3.709642
3.854726
3.614953
3.842230
3.692994
3.568602
3.858144
3.434412
3.537552
3.292301
3.654673
3.424916
3.522853
3.155842
3.455701
3.351721
3.345558
3.030401
3.635612
3.510636
3.437181
3.422790
3.464928
3.332894
3.252037
3.082996
3.275086
2.807257
3.160751
2.928560
2.766035
2.959596
2.900738
3.159336
2.736446
3.251045
2.878447
2.874733
3.035895
2.905946
2.792595
2.412400
2.973477
2.982934
2.870666
3.234734
2.830438
2.874329
3.237926
2.984319
2.723408
2.552618
2.927056
2.695335
2.662730
2.919918
2.731218
2.710646
2.601377
