6.843645095825195312e+00
6.841567039489746094e+00
6.853922843933105469e+00
6.819903850555419922e+00
6.809784412384033203e+00
6.804472923278808594e+00
6.761849403381347656e+00
6.733840942382812500e+00
6.702960968017578125e+00
6.671566009521484375e+00
6.621526241302490234e+00
6.612374305725097656e+00
6.557922363281250000e+00
6.535132408142089844e+00
6.499472618103027344e+00
6.439825534820556641e+00
6.413558959960937500e+00
6.373604774475097656e+00
6.337357521057128906e+00
6.309790611267089844e+00
6.235307693481445312e+00
6.183526039123535156e+00
6.147241592407226562e+00
6.096644401550292969e+00
6.035479545593261719e+00
5.984770774841308594e+00
5.951571464538574219e+00
5.870464324951171875e+00
5.840795516967773438e+00
5.752666950225830078e+00
5.723008155822753906e+00
5.663526535034179688e+00
5.585189819335937500e+00
5.557284355163574219e+00
5.488513946533203125e+00
5.378972053527832031e+00
5.318061828613281250e+00
5.273672103881835938e+00
5.186877727508544922e+00
5.082714080810546875e+00
4.988868713378906250e+00
4.946045875549316406e+00
4.838588714599609375e+00
4.709405899047851562e+00
4.638850688934326172e+00
4.546345233917236328e+00
4.490126609802246094e+00
4.367610931396484375e+00
4.309097290039062500e+00
4.121109962463378906e+00
4.038208961486816406e+00
3.945058822631835938e+00
3.774898529052734375e+00
3.692133426666259766e+00
3.628292560577392578e+00
3.540112018585205078e+00
3.458270311355590820e+00
3.273936986923217773e+00
3.262956380844116211e+00
3.099846839904785156e+00
2.998979806900024414e+00
2.941530704498291016e+00
2.858350753784179688e+00
2.770662546157836914e+00
2.679856061935424805e+00
2.681508541107177734e+00
2.617576122283935547e+00
2.611358880996704102e+00
2.489943981170654297e+00
2.404902935028076172e+00
2.342990398406982422e+00
2.286688566207885742e+00
2.333183050155639648e+00
2.229339838027954102e+00
2.217139244079589844e+00
2.166828155517578125e+00
2.158548355102539062e+00
2.169393539428710938e+00
2.130571365356445312e+00
2.066745758056640625e+00
2.053804159164428711e+00
2.049848556518554688e+00
2.057735919952392578e+00
2.016781806945800781e+00
1.959894418716430664e+00
1.949080228805541992e+00
1.881213784217834473e+00
1.897103309631347656e+00
1.876729011535644531e+00
1.825436830520629883e+00
1.859120488166809082e+00
1.872121334075927734e+00
1.828927397727966309e+00
1.780984878540039062e+00
1.749842166900634766e+00
1.697759866714477539e+00
1.723710298538208008e+00
1.660287022590637207e+00
1.671127557754516602e+00
1.661342620849609375e+00
1.589500904083251953e+00
1.652293920516967773e+00
1.568282723426818848e+00
1.549827575683593750e+00
1.570509672164916992e+00
1.521356582641601562e+00
1.555113554000854492e+00
1.417045116424560547e+00
1.497395634651184082e+00
1.422294378280639648e+00
1.401899695396423340e+00
1.414937138557434082e+00
1.410046696662902832e+00
1.335441112518310547e+00
1.335807800292968750e+00
1.330244064331054688e+00
1.267234683036804199e+00
1.262749195098876953e+00
1.211853742599487305e+00
1.271395444869995117e+00
1.167699575424194336e+00
1.252769112586975098e+00
1.148787736892700195e+00
1.112359285354614258e+00
1.112153768539428711e+00
1.121894478797912598e+00
1.129702568054199219e+00
1.054839134216308594e+00
9.956647157669067383e-01
1.011083364486694336e+00
9.891524910926818848e-01
9.930881261825561523e-01
9.393577575683593750e-01
9.283969402313232422e-01
8.626979589462280273e-01
8.590098619461059570e-01
8.320672512054443359e-01
8.208385109901428223e-01
8.119223117828369141e-01
8.154444694519042969e-01
7.926735877990722656e-01
7.802543640136718750e-01
7.645075917243957520e-01
7.085264921188354492e-01
7.625695466995239258e-01
6.653443574905395508e-01
7.215205430984497070e-01
6.777806282043457031e-01
6.648685932159423828e-01
6.139822602272033691e-01
6.028784513473510742e-01
5.931526422500610352e-01
5.646171569824218750e-01
5.655898451805114746e-01
5.939677953720092773e-01
4.943042993545532227e-01
5.127346515655517578e-01
4.720151424407958984e-01
5.690084695816040039e-01
5.020636320114135742e-01
4.733156561851501465e-01
4.294939637184143066e-01
4.958301484584808350e-01
4.318565428256988525e-01
4.850823283195495605e-01
4.284456372261047363e-01
3.869203627109527588e-01
3.884626626968383789e-01
3.693823814392089844e-01
3.540548980236053467e-01
3.569777607917785645e-01
3.255040347576141357e-01
3.560780584812164307e-01
3.466777801513671875e-01
3.463737964630126953e-01
3.413415551185607910e-01
3.316214680671691895e-01
2.805257737636566162e-01
3.374538421630859375e-01
2.986256778240203857e-01
2.804796695709228516e-01
2.595594525337219238e-01
2.822441458702087402e-01
2.791758775711059570e-01
2.878993153572082520e-01
2.831624150276184082e-01
2.162259221076965332e-01
2.168860882520675659e-01
2.295795381069183350e-01
2.319826781749725342e-01
2.291925549507141113e-01
2.239690423011779785e-01
2.143255919218063354e-01
2.151952236890792847e-01
2.033210992813110352e-01
2.244858294725418091e-01
2.005318999290466309e-01
1.965634524822235107e-01
2.188208699226379395e-01
1.787734627723693848e-01
1.853045821189880371e-01
1.674219667911529541e-01
1.841961443424224854e-01
1.816056668758392334e-01
1.667207032442092896e-01
1.656202375888824463e-01
1.688198894262313843e-01
1.698161959648132324e-01
1.515018641948699951e-01
1.753425449132919312e-01
1.655630022287368774e-01
1.646357178688049316e-01
1.552518159151077271e-01
1.307476460933685303e-01
1.603087186813354492e-01
1.560435891151428223e-01
1.395510435104370117e-01
1.452275216579437256e-01
1.439163386821746826e-01
1.351257264614105225e-01
1.449257433414459229e-01
1.274759620428085327e-01
1.467301249504089355e-01
1.310276985168457031e-01
1.198723465204238892e-01
1.306671798229217529e-01
1.280604004859924316e-01
1.290492713451385498e-01
1.233584284782409668e-01
1.184325516223907471e-01
1.060635671019554138e-01
1.032924503087997437e-01
1.230759620666503906e-01
1.105087697505950928e-01
9.887492656707763672e-02
1.105867996811866760e-01
1.030505672097206116e-01
1.096954792737960815e-01
9.495428204536437988e-02
9.691029042005538940e-02
9.665264189243316650e-02
9.597882628440856934e-02
1.022122949361801147e-01
9.423816204071044922e-02
9.622447937726974487e-02
9.974705427885055542e-02
8.661627024412155151e-02
9.037305414676666260e-02
8.955541253089904785e-02
8.669037371873855591e-02
9.009648859500885010e-02
8.374600112438201904e-02
8.771611750125885010e-02
1.002736389636993408e-01
7.894639670848846436e-02
8.313022553920745850e-02
9.166601300239562988e-02
8.311292529106140137e-02
7.914096117019653320e-02
8.660004287958145142e-02
9.118832647800445557e-02
7.208195328712463379e-02
8.205100893974304199e-02
8.125849068164825439e-02
8.650358021259307861e-02
7.494418323040008545e-02
7.500688731670379639e-02
6.839857995510101318e-02
8.053125441074371338e-02
6.569075584411621094e-02
7.968805730342864990e-02
6.750382483005523682e-02
7.313855737447738647e-02
7.162183523178100586e-02
7.281242311000823975e-02
6.355881690979003906e-02
6.762389838695526123e-02
6.814586371183395386e-02
7.060514390468597412e-02
7.168214023113250732e-02
6.899172067642211914e-02
6.331229954957962036e-02
6.458324193954467773e-02
7.119645178318023682e-02
6.664525717496871948e-02
6.625320017337799072e-02
5.859600752592086792e-02
5.919911712408065796e-02
6.788215786218643188e-02
5.868349969387054443e-02
6.107636541128158569e-02
6.429030001163482666e-02
6.003442034125328064e-02
5.727327615022659302e-02
6.438086926937103271e-02
5.728330463171005249e-02
6.335417926311492920e-02
5.943366885185241699e-02
6.964804232120513916e-02
5.387679487466812134e-02
5.670399218797683716e-02
4.820971563458442688e-02
4.997224733233451843e-02
5.829560011625289917e-02
5.801077932119369507e-02
5.092541873455047607e-02
5.676361918449401855e-02
5.640386790037155151e-02
5.323648080229759216e-02
4.799990728497505188e-02
5.175892263650894165e-02
5.162431672215461731e-02
4.533812403678894043e-02
5.016317591071128845e-02
4.342042654752731323e-02
4.619643092155456543e-02
4.404074698686599731e-02
5.040914565324783325e-02
4.459771513938903809e-02
4.594520479440689087e-02
4.752893373370170593e-02
5.374788492918014526e-02
5.983037501573562622e-02
4.849708825349807739e-02
3.897048532962799072e-02
4.465655982494354248e-02
4.370221495628356934e-02
5.170508474111557007e-02
4.389424622058868408e-02
4.677950590848922729e-02
4.251344501972198486e-02
5.016700923442840576e-02
4.042177274823188782e-02
3.999236226081848145e-02
4.377225041389465332e-02
4.797284305095672607e-02
4.985412955284118652e-02
4.204105958342552185e-02
3.883919864892959595e-02
4.210054129362106323e-02
4.112599790096282959e-02
3.736955299973487854e-02
4.648118093609809875e-02
3.799621015787124634e-02
4.308391734957695007e-02
3.965615853667259216e-02
4.175160080194473267e-02
3.781324997544288635e-02
3.716105967760086060e-02
4.016544669866561890e-02
4.069114476442337036e-02
3.544553369283676147e-02
3.869388252496719360e-02
3.387071564793586731e-02
3.730040043592453003e-02
4.115347564220428467e-02
4.224155098199844360e-02
3.434695675969123840e-02
3.808505088090896606e-02
3.560275584459304810e-02
4.042537882924079895e-02
3.543912991881370544e-02
3.887910395860671997e-02
3.705740720033645630e-02
3.551788628101348877e-02
3.854278475046157837e-02
3.691397607326507568e-02
3.427354991436004639e-02
3.683909401297569275e-02
3.689645230770111084e-02
3.874859958887100220e-02
4.497783631086349487e-02
3.468222916126251221e-02
3.408733755350112915e-02
3.567827120423316956e-02
3.739949315786361694e-02
3.466593474149703979e-02
3.482183441519737244e-02
3.532696142792701721e-02
3.390087932348251343e-02
3.406905382871627808e-02
3.208285942673683167e-02
2.855882607400417328e-02
3.486203402280807495e-02
3.658454120159149170e-02
2.807877212762832642e-02
3.379333764314651489e-02
3.445708379149436951e-02
3.241376578807830811e-02
3.181429952383041382e-02
3.290266543626785278e-02
2.879375964403152466e-02
3.134986758232116699e-02
3.120490536093711853e-02
3.285621106624603271e-02
3.050745092332363129e-02
2.845796011388301849e-02
3.529638051986694336e-02
3.280653804540634155e-02
2.952794544398784637e-02
3.216455876827239990e-02
2.788996137678623199e-02
3.428846597671508789e-02
3.205893188714981079e-02
3.348688408732414246e-02
3.413229435682296753e-02
2.947240322828292847e-02
2.817003801465034485e-02
2.597361803054809570e-02
2.472299151122570038e-02
3.283978626132011414e-02
3.336695209145545959e-02
3.119445964694023132e-02
2.954524755477905273e-02
2.657567150890827179e-02
3.142131865024566650e-02
2.930416166782379150e-02
2.477581053972244263e-02
2.689217031002044678e-02
2.714706026017665863e-02
2.418062835931777954e-02
2.854657545685768127e-02
2.600677870213985443e-02
2.605650201439857483e-02
2.980881184339523315e-02
2.603454142808914185e-02
2.433321252465248108e-02
2.501164749264717102e-02
2.606063336133956909e-02
2.661813795566558838e-02
2.903150022029876709e-02
2.968446724116802216e-02
2.443882450461387634e-02
2.981423586606979370e-02
2.788940630853176117e-02
2.755168825387954712e-02
2.473322302103042603e-02
2.498359978199005127e-02
2.468502521514892578e-02
2.762858569622039795e-02
2.637097984552383423e-02
2.640250697731971741e-02
2.455856651067733765e-02
2.245196886360645294e-02
2.770526707172393799e-02
2.499151602387428284e-02
2.526659145951271057e-02
2.736632525920867920e-02
2.034245058894157410e-02
3.178948909044265747e-02
2.709943428635597229e-02
1.981924846768379211e-02
2.532215788960456848e-02
2.615841105580329895e-02
2.220009267330169678e-02
2.388523891568183899e-02
2.390614897012710571e-02
2.289476990699768066e-02
2.214575186371803284e-02
2.514545433223247528e-02
2.490707114338874817e-02
2.300398796796798706e-02
2.085685729980468750e-02
2.398899011313915253e-02
2.425071783363819122e-02
2.512800693511962891e-02
2.760664001107215881e-02
2.458219975233078003e-02
2.167888171970844269e-02
2.366190589964389801e-02
2.010216563940048218e-02
2.066040784120559692e-02
2.439275756478309631e-02
2.537184953689575195e-02
2.154344879090785980e-02
2.390405349433422089e-02
2.426648139953613281e-02
2.227380871772766113e-02
1.941163465380668640e-02
2.301038429141044617e-02
2.284604124724864960e-02
2.144492045044898987e-02
2.048729360103607178e-02
2.297854796051979065e-02
2.147670462727546692e-02
2.124779671430587769e-02
2.139352448284626007e-02
2.082088403403759003e-02
2.043377980589866638e-02
2.147300541400909424e-02
2.053636498749256134e-02
1.836933568120002747e-02
1.974638551473617554e-02
1.908902823925018311e-02
1.804390922188758850e-02
2.108236029744148254e-02
1.827265881001949310e-02
1.761540211737155914e-02
2.104590460658073425e-02
1.783685758709907532e-02
