6.899168968200683594e+00
6.860162734985351562e+00
6.859630584716796875e+00
6.860257148742675781e+00
6.836968898773193359e+00
6.829974174499511719e+00
6.775619983673095703e+00
6.729613304138183594e+00
6.739508628845214844e+00
6.716656684875488281e+00
6.671660900115966797e+00
6.626267910003662109e+00
6.616043567657470703e+00
6.566963195800781250e+00
6.548165321350097656e+00
6.506138801574707031e+00
6.468778133392333984e+00
6.413820266723632812e+00
6.383739948272705078e+00
6.329767227172851562e+00
6.278110980987548828e+00
6.251827716827392578e+00
6.208404541015625000e+00
6.177956104278564453e+00
6.099882602691650391e+00
6.101621150970458984e+00
6.061798095703125000e+00
5.981025218963623047e+00
5.932090282440185547e+00
5.893451690673828125e+00
5.843420982360839844e+00
5.781888008117675781e+00
5.697353363037109375e+00
5.656576633453369141e+00
5.574899673461914062e+00
5.486861705780029297e+00
5.482713699340820312e+00
5.395225524902343750e+00
5.337655067443847656e+00
5.250218868255615234e+00
5.185231208801269531e+00
5.067969799041748047e+00
5.002779483795166016e+00
4.883448123931884766e+00
4.870594978332519531e+00
4.724395751953125000e+00
4.641819000244140625e+00
4.502847194671630859e+00
4.427587509155273438e+00
4.352492809295654297e+00
4.241701602935791016e+00
4.190590381622314453e+00
4.037561416625976562e+00
3.949091196060180664e+00
3.808771848678588867e+00
3.738144636154174805e+00
3.596396684646606445e+00
3.433944940567016602e+00
3.457689046859741211e+00
3.240500211715698242e+00
3.198701381683349609e+00
3.100846767425537109e+00
3.072834014892578125e+00
2.938331842422485352e+00
2.832305908203125000e+00
2.764413833618164062e+00
2.636422634124755859e+00
2.608644485473632812e+00
2.582190513610839844e+00
2.510782003402709961e+00
2.456696033477783203e+00
2.436333656311035156e+00
2.366774082183837891e+00
2.353317499160766602e+00
2.312062978744506836e+00
2.289097309112548828e+00
2.226881265640258789e+00
2.153867721557617188e+00
2.189446687698364258e+00
2.089144468307495117e+00
2.035160303115844727e+00
2.123276710510253906e+00
2.165000915527343750e+00
2.040232181549072266e+00
2.011002779006958008e+00
1.935893058776855469e+00
1.925947427749633789e+00
1.966003775596618652e+00
1.932400345802307129e+00
1.916063904762268066e+00
1.882886767387390137e+00
1.831090927124023438e+00
1.907427310943603516e+00
1.832737445831298828e+00
1.803284764289855957e+00
1.744834780693054199e+00
1.775108218193054199e+00
1.756181597709655762e+00
1.722657322883605957e+00
1.756918191909790039e+00
1.659457206726074219e+00
1.688781261444091797e+00
1.675932526588439941e+00
1.595679879188537598e+00
1.558963418006896973e+00
1.527993559837341309e+00
1.576004624366760254e+00
1.646744132041931152e+00
1.554481983184814453e+00
1.545929789543151855e+00
1.449549078941345215e+00
1.457481741905212402e+00
1.447420001029968262e+00
1.399143576622009277e+00
1.431067585945129395e+00
1.424866676330566406e+00
1.295376300811767578e+00
1.332226514816284180e+00
1.302394509315490723e+00
1.339204549789428711e+00
1.299113154411315918e+00
1.239429712295532227e+00
1.248125910758972168e+00
1.176636099815368652e+00
1.172608852386474609e+00
1.157343149185180664e+00
1.119789004325866699e+00
1.103178024291992188e+00
1.051345586776733398e+00
1.065260648727416992e+00
1.018840670585632324e+00
1.019678950309753418e+00
1.008208036422729492e+00
9.370263814926147461e-01
1.010015130043029785e+00
9.381326436996459961e-01
9.544525146484375000e-01
8.895939588546752930e-01
8.371832370758056641e-01
7.733809947967529297e-01
8.340168595314025879e-01
7.685542702674865723e-01
8.132320046424865723e-01
8.382555842399597168e-01
7.592252492904663086e-01
7.571933269500732422e-01
7.068710923194885254e-01
6.426640152931213379e-01
7.015976309776306152e-01
6.645298600196838379e-01
6.248244047164916992e-01
6.444092988967895508e-01
6.019728183746337891e-01
6.272287964820861816e-01
5.862188339233398438e-01
5.892463922500610352e-01
5.783891677856445312e-01
5.384306907653808594e-01
5.608493685722351074e-01
4.786040186882019043e-01
4.768738150596618652e-01
4.973886609077453613e-01
4.453314542770385742e-01
5.220147371292114258e-01
4.394566118717193604e-01
4.400208592414855957e-01
4.181535542011260986e-01
4.147787094116210938e-01
3.313565552234649658e-01
3.837372362613677979e-01
3.727230131626129150e-01
3.737968504428863525e-01
3.605194985866546631e-01
3.671104013919830322e-01
3.438008427619934082e-01
3.244774043560028076e-01
3.150043487548828125e-01
3.094722628593444824e-01
3.029794394969940186e-01
2.889646589756011963e-01
2.701542973518371582e-01
2.932563126087188721e-01
3.097565770149230957e-01
2.865915596485137939e-01
2.544880807399749756e-01
2.675721645355224609e-01
2.579033970832824707e-01
2.599717974662780762e-01
2.357853800058364868e-01
2.351713329553604126e-01
2.432858645915985107e-01
2.268574237823486328e-01
2.193295806646347046e-01
2.278447896242141724e-01
2.297390848398208618e-01
1.962350010871887207e-01
2.141467183828353882e-01
1.920233815908432007e-01
2.001569122076034546e-01
2.065568864345550537e-01
1.928611993789672852e-01
1.783724129199981689e-01
1.803833544254302979e-01
1.843181252479553223e-01
1.798883974552154541e-01
1.764446794986724854e-01
1.547616720199584961e-01
1.732572913169860840e-01
1.608999520540237427e-01
1.426284611225128174e-01
1.412423998117446899e-01
1.609662473201751709e-01
1.596878916025161743e-01
1.509939432144165039e-01
1.550792455673217773e-01
1.557874977588653564e-01
1.291363835334777832e-01
1.418714672327041626e-01
1.297783404588699341e-01
1.326117068529129028e-01
1.267144083976745605e-01
1.218507215380668640e-01
1.426755040884017944e-01
1.226228922605514526e-01
1.078033894300460815e-01
1.143627315759658813e-01
1.191549748182296753e-01
1.102860569953918457e-01
1.227880194783210754e-01
1.049497500061988831e-01
1.160861179232597351e-01
1.104139760136604309e-01
1.000992953777313232e-01
1.135024577379226685e-01
1.066416054964065552e-01
1.150447577238082886e-01
1.057564914226531982e-01
1.006798595190048218e-01
1.190286278724670410e-01
1.001942008733749390e-01
9.716926515102386475e-02
1.097950264811515808e-01
1.039811596274375916e-01
9.903921931982040405e-02
8.357226848602294922e-02
9.714432805776596069e-02
9.075649827718734741e-02
9.106247127056121826e-02
8.965210616588592529e-02
9.430669993162155151e-02
9.539610892534255981e-02
8.557824790477752686e-02
9.016657620668411255e-02
7.401477545499801636e-02
7.194221764802932739e-02
8.468102663755416870e-02
7.236213982105255127e-02
7.730484753847122192e-02
7.318449020385742188e-02
8.296934515237808228e-02
8.812262117862701416e-02
6.874086707830429077e-02
7.938493788242340088e-02
8.071460574865341187e-02
7.547015696763992310e-02
8.265409618616104126e-02
7.206799834966659546e-02
7.767137885093688965e-02
7.719837129116058350e-02
7.863850891590118408e-02
6.708700954914093018e-02
7.416708767414093018e-02
7.120604813098907471e-02
7.030048966407775879e-02
7.419107854366302490e-02
6.751202791929244995e-02
7.653065025806427002e-02
5.600238218903541565e-02
7.252813130617141724e-02
7.218107581138610840e-02
6.983246654272079468e-02
6.594409793615341187e-02
6.620126217603683472e-02
7.209162414073944092e-02
7.132760435342788696e-02
6.035061553120613098e-02
6.955591589212417603e-02
6.755005568265914917e-02
6.752427667379379272e-02
6.864948570728302002e-02
5.983378365635871887e-02
5.978000164031982422e-02
5.681152269244194031e-02
6.120351329445838928e-02
5.290903896093368530e-02
4.812023788690567017e-02
6.389236450195312500e-02
6.031627953052520752e-02
6.116344407200813293e-02
6.545516103506088257e-02
5.641402304172515869e-02
5.411582067608833313e-02
5.688393488526344299e-02
5.736321583390235901e-02
5.363533645868301392e-02
5.859841033816337585e-02
4.645382985472679138e-02
6.402295082807540894e-02
5.130171030759811401e-02
4.256765171885490417e-02
5.147786810994148254e-02
5.465762689709663391e-02
5.381059274077415466e-02
5.871089920401573181e-02
5.799639225006103516e-02
5.588713660836219788e-02
4.657195135951042175e-02
4.735452309250831604e-02
5.277097225189208984e-02
5.143836140632629395e-02
4.965886846184730530e-02
4.652147367596626282e-02
4.698955267667770386e-02
4.582235217094421387e-02
5.065485090017318726e-02
3.689825534820556641e-02
4.136722907423973083e-02
4.264512285590171814e-02
4.837487265467643738e-02
4.428939893841743469e-02
4.368166252970695496e-02
4.591281712055206299e-02
4.410394281148910522e-02
3.900241106748580933e-02
4.462877288460731506e-02
4.204500466585159302e-02
4.347052052617073059e-02
3.828821703791618347e-02
4.181641712784767151e-02
3.565042838454246521e-02
4.273213446140289307e-02
3.630303964018821716e-02
3.693952783942222595e-02
4.449976235628128052e-02
4.482279345393180847e-02
3.529987111687660217e-02
3.750003129243850708e-02
3.916293010115623474e-02
3.568165004253387451e-02
3.331098333001136780e-02
3.530773147940635681e-02
3.420972824096679688e-02
3.734796494245529175e-02
3.863603994250297546e-02
4.059697687625885010e-02
3.729494661092758179e-02
3.864774852991104126e-02
3.834198042750358582e-02
3.755597770214080811e-02
4.075410589575767517e-02
3.141498193144798279e-02
3.817753493785858154e-02
3.992847353219985962e-02
3.634256869554519653e-02
3.998520225286483765e-02
3.241672739386558533e-02
3.887574747204780579e-02
3.179176151752471924e-02
4.257889091968536377e-02
3.755019232630729675e-02
3.471577912569046021e-02
3.544564917683601379e-02
3.224495053291320801e-02
3.273425996303558350e-02
3.234358876943588257e-02
3.816244006156921387e-02
3.661783412098884583e-02
3.234653547406196594e-02
3.121977113187313080e-02
3.461999446153640747e-02
3.282963484525680542e-02
3.427422419190406799e-02
3.866874799132347107e-02
2.840189263224601746e-02
3.419808670878410339e-02
2.721038274466991425e-02
2.935839071869850159e-02
3.280955180525779724e-02
3.356928750872612000e-02
2.862684614956378937e-02
3.393477573990821838e-02
2.742469310760498047e-02
3.079891577363014221e-02
2.962480671703815460e-02
2.706641145050525665e-02
3.341076895594596863e-02
3.031242638826370239e-02
2.628922462463378906e-02
2.693080529570579529e-02
3.059747815132141113e-02
2.619481272995471954e-02
3.101707622408866882e-02
2.761094085872173309e-02
2.879030629992485046e-02
2.724009566009044647e-02
2.707738988101482391e-02
3.003085404634475708e-02
3.147326782345771790e-02
2.696370333433151245e-02
2.558190189301967621e-02
2.874911017715930939e-02
3.128352016210556030e-02
2.990412153303623199e-02
3.048240207135677338e-02
2.378673665225505829e-02
2.488022111356258392e-02
3.199214488267898560e-02
2.873427048325538635e-02
2.495126612484455109e-02
2.754939533770084381e-02
2.601106651127338409e-02
2.606018073856830597e-02
2.995229326188564301e-02
2.508308924734592438e-02
2.827550098299980164e-02
2.506437152624130249e-02
2.723040059208869934e-02
1.983288116753101349e-02
3.091672062873840332e-02
2.931538969278335571e-02
2.312565408647060394e-02
2.937548607587814331e-02
2.552575245499610901e-02
2.423324622213840485e-02
2.476657181978225708e-02
2.302619069814682007e-02
2.518084645271301270e-02
2.359498105943202972e-02
2.428298071026802063e-02
2.694120630621910095e-02
2.554188668727874756e-02
2.482461370527744293e-02
2.790766768157482147e-02
2.678580209612846375e-02
2.146606147289276123e-02
2.511563524603843689e-02
2.410843595862388611e-02
2.640024758875370026e-02
2.551928535103797913e-02
2.655295655131340027e-02
2.399718388915061951e-02
2.023527771234512329e-02
2.571013197302818298e-02
2.521263435482978821e-02
2.313383482396602631e-02
2.496214956045150757e-02
2.301582694053649902e-02
2.673593349754810333e-02
2.631870470941066742e-02
2.308927290141582489e-02
2.163154631853103638e-02
2.168755419552326202e-02
2.428934164345264435e-02
2.511895634233951569e-02
2.686442434787750244e-02
2.231754548847675323e-02
2.055578120052814484e-02
2.642242982983589172e-02
2.715239487588405609e-02
2.039069682359695435e-02
2.356531284749507904e-02
2.407468669116497040e-02
1.957036741077899933e-02
1.828909292817115784e-02
1.913510821759700775e-02
2.709999121725559235e-02
2.021613530814647675e-02
2.031820081174373627e-02
1.972370594739913940e-02
1.859562844038009644e-02
2.405049651861190796e-02
2.338250726461410522e-02
2.006933093070983887e-02
2.322472259402275085e-02
1.962905563414096832e-02
2.235313318669795990e-02
1.948147267103195190e-02
2.212212421000003815e-02
2.144284360110759735e-02
1.981256902217864990e-02
1.979534514248371124e-02
2.244492992758750916e-02
2.016511000692844391e-02
1.925600506365299225e-02
2.051070705056190491e-02
1.955477148294448853e-02
2.085311524569988251e-02
1.988665200769901276e-02
1.965303719043731689e-02
1.948435418307781219e-02
