6.875118
3.177032
2.414359
2.625145
2.352789
2.298979
2.166089
1.891523
1.945589
2.176464
2.294513
2.019743
2.514068
1.976036
2.076159
2.016289
2.007491
2.325984
2.127653
1.999480
1.785688
1.873496
2.272788
2.234065
1.570127
1.614314
1.855683
1.843450
1.232595
1.799055
1.472329
1.712706
1.448858
1.699199
1.614644
1.723758
1.403389
1.664663
1.257586
1.322499
1.519308
1.151630
1.982329
1.414870
1.678690
1.174303
1.118158
1.763915
1.184473
1.255286
1.398026
1.336987
1.127473
1.007308
1.337807
1.768862
1.431025
1.523818
1.527761
2.076030
1.826107
0.825424
1.273201
1.400108
2.043231
1.584967
1.438465
1.548366
1.535860
2.190147
1.133018
0.857185
1.027989
1.528974
1.428618
1.030999
1.388994
1.583338
1.079459
1.114336
0.846007
0.935514
1.984377
1.513444
1.225645
1.648297
1.092510
0.868734
0.916529
1.080367
1.163255
1.291670
1.282274
1.563300
1.283886
0.813954
0.646482
0.717617
0.785470
1.345565
0.653223
0.528296
0.860664
0.766174
1.143053
0.649565
0.716577
0.921760
0.596829
1.228397
0.881820
0.801435
0.729341
0.800730
0.973347
0.945114
1.151833
0.769252
0.903260
1.258839
